location,Patna,Patna,Patna,Patna,Patna,Patna
lat,25.61087,25.61087,25.61087,25.61087,25.61087,25.61087
lon,85.18255,85.18255,85.18255,85.18255,85.18255,85.18255
asl,44.000,44.000,44.000,44.000,44.000,44.000
variable,Temperature,Precipitation Total,Relative Humidity,Mean Sea Level Pressure,Wind Speed,Wind Gust
unit,°C,mm,%,hPa,km/h,km/h
level,2 m elevation corrected,sfc,2 m,MSL,10 m,sfc
resolution,hourly,hourly,hourly,hourly,hourly,hourly
aggregation,None,None,None,None,None,None
timestamp,Patna Temperature [2 m elevation corrected],Patna Precipitation Total,Patna Relative Humidity [2 m],Patna Mean Sea Level Pressure [MSL],Patna Wind Speed [10 m],Patna Wind Gust
20210930T0000,27.2715,0.0,77.0,1007.8,12.522619,15.84
20210930T0100,27.151499,0.0,78.0,1007.7,13.797913,18.359999
20210930T0200,27.0115,0.0,79.0,1007.3,15.542662,22.68
20210930T0300,26.2615,0.0,83.0,1007.0,17.698677,25.56
20210930T0400,26.151499,0.0,85.0,1007.3,15.84,23.759998
20210930T0500,25.2915,0.0,90.0,1007.9,13.138765,21.24
20210930T0600,26.0615,0.0,87.0,1008.5,16.24394,23.759998
20210930T0700,27.7315,0.0,79.0,1009.1,19.443333,26.28
20210930T0800,29.4215,0.0,73.0,1009.6,19.8,26.64
20210930T0900,28.9815,0.0,74.0,1009.7,19.08,24.48
20210930T1000,29.5415,0.0,70.0,1009.0,20.532627,25.199999
20210930T1100,29.1815,0.0,71.0,1008.3,21.707731,26.28
20210930T1200,29.3015,0.0,70.0,1007.7,21.841648,25.199999
20210930T1300,30.821499,0.0,66.0,1007.3,21.629978,24.48
20210930T1400,30.2715,0.0,69.0,1006.9,19.513195,21.24
20210930T1500,29.1715,0.0,73.0,1006.6,15.807239,17.64
20210930T1600,29.651499,0.0,71.0,1006.7,14.007655,16.56
20210930T1700,25.911499,0.0,83.0,1007.2,17.654688,19.8
20210930T1800,25.7115,0.0,84.0,1007.9,15.4800005,23.759998
20210930T1900,25.8015,0.0,85.0,1008.5,14.764389,17.64
20210930T2000,26.0815,0.0,85.0,1009.1,13.138765,17.64
20210930T2100,26.2315,0.0,86.0,1009.5,10.739833,15.119999
20210930T2200,26.1015,0.0,87.0,1009.1,9.36,14.759999
20210930T2300,25.9715,0.0,88.0,1008.7,10.538843,15.119999
20211001T0000,25.821499,0.0,88.0,1008.4,11.252519,15.119999
20211001T0100,25.8115,0.0,87.0,1008.3,10.853866,14.759999
20211001T0200,25.7615,0.0,87.0,1007.9,10.805999,12.599999
20211001T0300,25.6415,0.0,88.0,1007.7,10.440001,14.4
20211001T0400,25.5215,0.0,89.0,1008.0,10.799999,11.159999
20211001T0500,25.4715,0.0,89.0,1008.7,10.182337,11.159999
20211001T0600,26.1115,0.0,87.0,1009.3,10.829959,12.24
20211001T0700,27.901499,0.0,80.0,1009.7,10.990322,12.599999
20211001T0800,27.8515,0.5,79.0,1010.0,8.654987,11.5199995
20211001T0900,29.4315,0.3,73.0,1010.0,5.991594,11.5199995
20211001T1000,28.4815,0.0,75.0,1009.2,3.8268526,10.08
20211001T1100,29.1015,0.0,72.0,1008.2,4.2136917,8.28
20211001T1200,29.5215,0.0,70.0,1007.3,5.1544156,7.92
20211001T1300,29.6815,0.0,69.0,1006.9,5.8048253,7.92
20211001T1400,29.7015,0.0,69.0,1006.3,5.2416787,6.4799995
20211001T1500,29.5515,0.0,69.0,1005.9,5.4833565,6.12
20211001T1600,29.8715,0.0,68.0,1006.0,5.2416787,5.7599998
20211001T1700,27.651499,0.0,77.0,1006.6,10.703569,15.84
20211001T1800,27.3615,0.0,79.0,1007.3,7.145796,12.24
20211001T1900,27.3515,0.0,80.0,1007.9,5.991594,14.4
20211001T2000,26.241499,0.2,87.0,1008.7,6.151683,16.919998
20211001T2100,25.4615,0.3,92.0,1009.0,7.5170207,16.919998
20211001T2200,24.9415,3.3,96.0,1008.7,9.085988,14.759999
20211001T2300,24.8515,7.6,96.0,1008.0,10.182337,15.4800005
20211002T0000,24.7815,7.4,97.0,1007.9,11.792404,18.72
20211002T0100,24.6715,3.1,97.0,1007.7,8.217153,16.199999
20211002T0200,24.571499,0.7,97.0,1007.4,5.00128,12.599999
20211002T0300,24.571499,0.0,96.0,1007.1,5.3999996,11.879999
20211002T0400,24.5315,0.0,96.0,1007.3,6.5693827,10.440001
20211002T0500,24.491499,0.0,96.0,1007.7,7.9526596,10.799999
20211002T0600,24.8415,0.0,95.0,1008.2,8.28,11.159999
20211002T0700,26.3415,0.0,90.0,1008.4,9.47012,11.159999
20211002T0800,27.491499,2.2,88.0,1008.8,9.9571085,10.08
20211002T0900,26.8115,1.8,88.0,1008.7,7.42159,8.28
20211002T1000,26.7315,0.1,87.0,1008.4,4.73506,5.3999996
20211002T1100,27.5215,1.2,86.0,1007.5,4.73506,4.32
20211002T1200,26.6215,0.3,88.0,1006.5,5.0528407,4.32
20211002T1300,26.241499,0.0,90.0,1006.1,3.9763298,2.8799999
20211002T1400,26.151499,0.0,89.0,1005.5,2.16,1.8
20211002T1500,26.3715,0.0,86.0,1005.0,1.2979984,2.52
20211002T1600,26.8315,0.0,84.0,1005.2,1.5273507,2.8799999
20211002T1700,25.0215,0.2,94.0,1004.1,11.542478,13.679999
20211002T1800,24.5915,0.6,95.0,1004.6,11.212135,15.119999
20211002T1900,24.2515,0.9,96.0,1005.1,10.805999,16.199999
20211002T2000,24.0915,0.8,96.0,1005.7,10.390226,17.28
20211002T2100,24.0215,0.6,96.0,1006.0,9.585739,16.56
20211002T2200,24.0815,0.2,96.0,1005.8,9.360001,17.28
20211002T2300,24.2915,0.0,96.0,1005.6,9.72,16.919998
20211003T0000,24.5315,0.0,96.0,1005.3,9.422101,16.56
20211003T0100,24.6815,0.0,96.0,1005.2,9.47012,15.4800005
20211003T0200,24.7315,0.0,96.0,1004.7,9.826088,15.84
20211003T0300,24.7215,0.1,96.0,1004.5,9.885262,14.4
20211003T0400,24.7015,0.2,96.0,1004.9,10.365251,13.679999
20211003T0500,24.6715,0.1,96.0,1005.6,11.090103,14.4
20211003T0600,24.7515,0.0,96.0,1006.4,12.475961,16.56
20211003T0700,25.1815,0.0,93.0,1007.1,12.768586,15.84
20211003T0800,25.7915,0.0,92.0,1007.7,12.88981,14.4
20211003T0900,26.5215,0.0,89.0,1007.9,12.397806,13.679999
20211003T1000,27.3315,0.4,85.0,1007.3,13.202726,16.199999
20211003T1100,27.4815,0.3,82.0,1006.5,11.659777,15.4800005
20211003T1200,29.7215,0.0,73.0,1005.8,10.594036,15.84
20211003T1300,30.401499,0.0,69.0,1005.3,10.30883,14.759999
20211003T1400,29.7515,0.1,69.0,1004.9,9.585739,14.759999
20211003T1500,29.6315,0.0,69.0,1004.5,7.928177,14.04
20211003T1600,29.4615,0.0,70.0,1004.7,7.289445,11.159999
20211003T1700,26.4215,0.0,87.0,1005.4,4.6102495,10.440001
20211003T1800,26.151499,0.0,89.0,1006.2,4.39436,9.72
20211003T1900,26.0415,0.0,89.0,1006.8,4.510787,9.36
20211003T2000,25.911499,0.0,89.0,1007.3,4.1046314,9.36
20211003T2100,25.3615,0.0,89.0,1007.5,4.68,7.92
20211003T2200,24.9715,0.0,91.0,1007.2,4.3349743,6.4799995
20211003T2300,24.651499,0.0,92.0,1006.7,3.5455887,6.4799995
20211004T0000,24.4715,0.0,93.0,1006.2,2.0364676,5.3999996
20211004T0100,24.2815,0.0,93.0,1005.8,1.1384199,3.96
20211004T0200,23.911499,0.0,95.0,1005.2,2.8799999,1.8
20211004T0300,23.5915,0.0,95.0,1005.0,5.4119864,3.2399998
20211004T0400,23.3015,0.0,96.0,1005.3,5.771239,6.4799995
20211004T0500,23.2615,0.0,97.0,1005.9,6.0347,5.3999996
20211004T0600,23.5515,0.0,95.0,1006.5,5.991594,7.2
20211004T0700,25.4315,0.0,88.0,1007.0,7.491114,6.12
20211004T0800,27.6215,0.0,80.0,1007.5,7.8954163,5.7599998
20211004T0900,29.5215,0.0,72.0,1007.5,8.404285,6.4799995
20211004T1000,31.0415,0.0,64.0,1006.8,7.145796,10.08
20211004T1100,32.1015,0.0,62.0,1006.0,5.8603754,10.799999
20211004T1200,32.551502,0.0,58.0,1005.1,3.6,10.08
20211004T1300,32.6915,0.0,58.0,1004.6,3.4152596,10.08
20211004T1400,31.661499,0.0,60.0,1004.2,5.0528407,11.159999
20211004T1500,31.8915,0.0,59.0,1004.0,5.7599998,11.879999
20211004T1600,30.8115,0.3,63.0,1004.6,6.4799995,12.599999
20211004T1700,30.7015,0.0,61.0,1005.0,5.0911684,12.599999
20211004T1800,30.1715,0.0,63.0,1005.9,6.4799995,6.8399997
20211004T1900,29.2715,0.0,66.0,1006.6,8.557102,9.0
20211004T2000,27.9215,0.0,74.0,1007.4,9.904906,16.199999
20211004T2100,26.911499,0.0,81.0,1008.1,11.177405,16.56
20211004T2200,26.3115,0.0,85.0,1008.3,10.594036,18.72
20211004T2300,25.7615,0.0,88.0,1008.0,10.594036,14.4
20211005T0000,25.3715,0.0,91.0,1007.9,10.823973,21.24
20211005T0100,25.0215,0.0,93.0,1007.8,10.440001,15.4800005
20211005T0200,24.6415,0.0,95.0,1007.5,10.08,15.84
20211005T0300,24.241499,0.0,97.0,1007.5,10.086427,11.5199995
20211005T0400,23.9715,0.0,98.0,1008.0,10.105681,16.919998
20211005T0500,24.1715,0.0,96.0,1008.8,10.853866,17.64
20211005T0600,24.5815,0.0,93.0,1009.5,10.495713,16.919998
20211005T0700,25.571499,0.0,89.0,1010.0,11.659777,11.159999
20211005T0800,27.1715,0.0,81.0,1010.6,12.144331,12.959999
20211005T0900,28.7515,0.0,77.0,1010.7,10.8955765,11.159999
20211005T1000,30.401499,0.0,70.0,1009.8,10.495713,10.799999
20211005T1100,31.571499,0.0,62.0,1008.7,9.422101,9.36
20211005T1200,32.1715,0.0,58.0,1007.7,8.427383,7.2
20211005T1300,32.5115,0.0,56.0,1006.9,6.763786,6.12
20211005T1400,32.681503,0.0,55.0,1006.2,5.1165614,4.68
20211005T1500,32.6015,0.0,55.0,1005.7,4.39436,6.4799995
20211005T1600,32.181503,0.0,56.0,1006.0,4.802999,6.4799995
20211005T1700,31.6215,0.0,58.0,1006.2,5.3517847,5.04
20211005T1800,31.0515,0.0,59.0,1007.0,6.439876,9.0
20211005T1900,30.5615,0.0,61.0,1007.7,6.6185193,10.440001
20211005T2000,30.1015,0.0,63.0,1008.4,6.725354,12.599999
20211005T2100,29.571499,0.0,66.0,1008.9,7.342588,12.959999
20211005T2200,28.7515,0.0,70.0,1008.8,7.928178,14.759999
20211005T2300,27.7815,0.0,75.0,1008.6,8.28,15.84
20211006T0000,26.8915,0.0,80.0,1008.3,8.287822,16.199999
20211006T0100,26.2215,0.0,84.0,1008.1,7.9526596,15.84
20211006T0200,25.7515,0.0,87.0,1007.7,7.6367526,14.759999
20211006T0300,25.2715,0.0,90.0,1007.4,7.2359104,14.04
20211006T0400,24.8915,0.0,92.0,1007.8,7.208994,13.679999
20211006T0500,24.5615,0.0,94.0,1008.4,6.849467,12.959999
20211006T0600,25.5215,0.0,91.0,1009.0,6.849467,12.959999
20211006T0700,27.8015,0.0,82.0,1009.3,9.0,12.959999
20211006T0800,29.7615,0.0,71.0,1009.7,9.531505,7.5599995
20211006T0900,31.1215,0.0,65.0,1009.7,8.311245,7.2
20211006T1000,31.8815,0.0,59.0,1008.8,4.452954,5.04
20211006T1100,32.411503,0.0,57.0,1007.5,3.219938,3.96
20211006T1200,32.891502,0.0,54.0,1006.3,1.609969,3.6
20211006T1300,33.211502,0.0,52.0,1005.3,1.835647,3.6
20211006T1400,33.2015,0.0,52.0,1004.4,2.5455842,4.32
20211006T1500,32.9915,0.0,53.0,1003.9,3.219938,5.3999996
20211006T1600,32.5415,0.0,54.0,1004.0,3.5455887,5.7599998
20211006T1700,31.4515,0.0,57.0,1004.6,3.8268526,4.32
20211006T1800,30.9515,0.0,59.0,1005.0,4.198285,5.3999996
20211006T1900,30.5515,0.0,60.0,1005.4,4.0249224,5.3999996
20211006T2000,30.3115,0.0,61.0,1005.9,2.7416782,4.32
20211006T2100,29.8715,0.0,63.0,1006.3,1.8,3.6
20211006T2200,29.4315,0.0,65.0,1006.1,1.8,2.52
20211006T2300,29.0015,0.0,67.0,1005.7,2.1897945,2.16
20211007T0000,28.5615,0.0,68.0,1005.5,2.6208394,2.16
20211007T0100,28.161499,0.0,70.0,1005.4,2.2768397,1.8
20211007T0200,27.7515,0.0,72.0,1005.2,2.2768397,1.8
20211007T0300,27.321499,0.0,74.0,1005.2,1.9386592,1.8
20211007T0400,26.901499,0.0,76.0,1005.6,1.484318,1.4399999
20211007T0500,26.5615,0.0,77.0,1006.3,1.8,1.8
20211007T0600,26.9815,0.0,77.0,1007.0,1.8,1.8
20211007T0700,29.1115,0.0,73.0,1007.5,1.1384199,1.8
20211007T0800,31.2115,0.0,64.0,1007.8,1.4399999,5.3999996
20211007T0900,31.9815,0.0,56.0,1007.7,3.8939953,7.2
20211007T1000,32.7615,0.0,53.0,1006.8,6.489992,9.36
20211007T1100,33.4015,0.0,51.0,1005.6,7.289445,10.08
20211007T1200,33.801502,0.0,50.0,1004.4,8.217153,10.799999
20211007T1300,34.1315,0.0,48.0,1003.6,9.659814,11.879999
20211007T1400,34.271503,0.0,47.0,1002.8,11.298495,12.24
20211007T1500,33.9515,0.0,48.0,1002.2,11.753877,13.32
20211007T1600,33.2915,0.0,50.0,1002.3,11.113451,12.599999
20211007T1700,31.8415,0.0,53.0,1002.7,7.24486,11.159999
20211007T1800,31.2215,0.0,55.0,1003.2,6.6185193,14.04
20211007T1900,30.5315,0.0,58.0,1003.7,6.830519,14.4
20211007T2000,29.8715,0.0,61.0,1004.4,6.725354,14.759999
20211007T2100,29.2715,0.0,63.0,1004.8,6.924738,14.04
20211007T2200,28.6815,0.0,66.0,1004.6,6.489992,12.959999
20211007T2300,28.161499,0.0,68.0,1004.5,5.4477882,10.799999
20211008T0000,27.661499,0.0,70.0,1004.4,5.4833565,9.0
20211008T0100,27.1915,0.0,71.0,1004.5,5.3999996,6.8399997
20211008T0200,26.7215,0.0,73.0,1004.3,5.8603754,5.7599998
20211008T0300,26.3015,0.0,75.0,1004.3,5.6233797,5.04
20211008T0400,25.9415,0.0,76.0,1004.8,5.3517847,4.32
20211008T0500,25.571499,0.0,77.0,1005.5,6.1305785,5.7599998
20211008T0600,26.1915,0.0,76.0,1006.2,6.9153743,5.7599998
20211008T0700,28.3615,0.0,73.0,1006.6,3.319036,4.32
20211008T0800,31.3515,0.0,61.0,1007.0,3.7064266,5.3999996
20211008T0900,32.771503,0.0,54.0,1007.0,4.73506,7.5599995
20211008T1000,33.2015,0.0,49.0,1006.3,7.6367526,9.36
20211008T1100,33.641502,0.0,47.0,1005.4,8.707238,10.440001
20211008T1200,33.931503,0.0,46.0,1004.4,9.779817,11.5199995
20211008T1300,34.0415,0.0,46.0,1003.6,11.212135,12.959999
20211008T1400,33.8815,0.0,46.0,1002.8,12.682018,12.959999
20211008T1500,32.9415,0.0,48.0,1002.2,13.722565,12.959999
20211008T1600,32.4415,0.0,50.0,1002.5,13.324863,15.4800005
20211008T1700,30.8515,0.1,58.0,1002.6,6.8399997,9.36
20211008T1800,30.1115,0.0,61.0,1002.9,6.379216,11.5199995
20211008T1900,29.4315,0.0,63.0,1003.4,6.28713,13.32
20211008T2000,28.7615,0.0,66.0,1003.9,6.519877,14.759999
20211008T2100,28.0215,0.0,69.0,1004.6,6.4799995,14.759999
20211008T2200,27.411499,0.0,71.0,1004.6,6.924738,14.04
20211008T2300,26.7115,0.0,74.0,1004.5,6.830519,12.959999
20211009T0000,26.0015,0.0,77.0,1004.5,6.830519,11.879999
20211009T0100,25.2915,0.0,80.0,1004.6,6.6185193,10.440001
20211009T0200,24.5615,0.0,83.0,1004.5,6.763786,9.36
20211009T0300,23.8715,0.0,85.0,1004.4,6.6087217,7.92
20211009T0400,23.3115,0.0,87.0,1005.1,6.792466,6.4799995
20211009T0500,22.8315,0.0,88.0,1005.8,6.6087217,5.7599998
20211009T0600,23.8915,0.0,82.0,1006.3,5.4119864,5.04
20211009T0700,26.4815,0.0,72.0,1006.8,3.2599385,4.32
20211009T0800,29.1015,0.0,60.0,1007.2,4.452954,5.04
20211009T0900,30.8515,0.0,55.0,1007.4,5.0911684,6.4799995
20211009T1000,32.1515,0.0,49.0,1006.7,6.8399997,8.28
20211009T1100,33.021503,0.0,44.0,1005.7,7.9526596,7.2
20211009T1200,33.5815,0.0,43.0,1004.7,8.905908,7.92
20211009T1300,33.9515,0.0,40.0,1004.1,9.565437,7.92
20211009T1400,33.9015,0.0,40.0,1003.2,10.163227,8.64
20211009T1500,33.5315,0.0,42.0,1002.4,9.826088,8.64
20211009T1600,32.7915,0.0,44.0,1002.6,9.021574,8.64
20211009T1700,31.3115,0.0,47.0,1003.1,7.172949,10.08
20211009T1800,30.0315,0.0,52.0,1003.7,6.924738,11.159999
20211009T1900,28.8515,0.0,58.0,1004.4,6.830519,12.24
20211009T2000,27.651499,0.0,64.0,1005.0,7.10031,12.599999
20211009T2100,26.4515,0.0,71.0,1005.4,7.289445,14.04
20211009T2200,25.7815,0.0,73.0,1005.5,7.7043357,14.04
20211009T2300,25.2115,0.0,75.0,1005.5,7.928177,14.04
20211010T0000,24.6415,0.0,76.0,1005.6,7.653705,14.4
20211010T0100,24.1815,0.0,78.0,1005.8,7.42159,14.4
20211010T0200,23.7815,0.0,79.0,1005.4,6.4096174,12.959999
20211010T0300,23.2815,0.0,81.0,1005.4,5.991594,12.599999
20211010T0400,22.8115,0.0,84.0,1005.9,5.495161,14.04
20211010T0500,22.411499,0.0,86.0,1006.5,5.1165614,13.32
20211010T0600,23.571499,0.0,81.0,1007.0,5.3999996,9.0
20211010T0700,26.3115,0.0,72.0,1007.7,3.2399998,5.7599998
20211010T0800,28.9315,0.0,61.0,1008.1,3.6179552,4.32
20211010T0900,30.651499,0.0,55.0,1008.2,5.0911684,5.3999996
20211010T1000,31.911499,0.0,51.0,1007.6,6.849467,6.4799995
20211010T1100,32.871502,0.0,47.0,1006.5,7.5599995,8.64
20211010T1200,33.461502,0.0,45.0,1005.5,7.5942073,9.0
20211010T1300,33.801502,0.0,42.0,1004.5,7.2,8.28
20211010T1400,33.771503,0.0,43.0,1003.5,7.92,8.64
20211010T1500,33.4215,0.0,44.0,1002.8,9.0,9.36
20211010T1600,32.7015,0.0,46.0,1003.0,9.007196,9.0
20211010T1700,31.1915,0.0,50.0,1003.5,7.208994,10.799999
20211010T1800,29.8315,0.0,55.0,1004.2,7.10031,11.159999
20211010T1900,28.5815,0.0,61.0,1005.0,7.2,12.24
20211010T2000,27.4415,0.0,66.0,1005.8,7.42159,12.599999
20211010T2100,26.4715,0.0,71.0,1006.2,7.386582,12.599999
20211010T2200,25.901499,0.0,73.0,1006.1,7.386582,12.959999
20211010T2300,25.3915,0.0,75.0,1005.9,7.145796,12.959999
20211011T0000,24.911499,0.0,76.0,1006.0,6.9153743,12.959999
20211011T0100,24.3815,0.0,79.0,1006.1,6.696387,12.24
20211011T0200,23.8415,0.0,81.0,1005.8,6.6087217,11.5199995
20211011T0300,23.3415,0.0,83.0,1005.8,6.297428,10.799999
20211011T0400,22.8615,0.0,85.0,1006.1,6.792466,10.08
20211011T0500,22.4515,0.0,87.0,1006.7,6.792466,9.36
20211011T0600,23.5215,0.0,81.0,1007.1,5.8048253,7.92
20211011T0700,26.2215,0.0,72.0,1007.5,4.802999,5.3999996
20211011T0800,28.7815,0.0,62.0,1007.9,5.634891,4.32
20211011T0900,30.5115,0.0,55.0,1007.8,5.8048253,4.32
20211011T1000,31.8415,0.0,52.0,1007.2,6.489992,5.7599998
20211011T1100,32.571503,0.0,50.0,1006.0,5.4119864,7.2
20211011T1200,33.211502,0.0,49.0,1005.1,6.638072,8.28
20211011T1300,33.591503,0.0,47.0,1004.3,7.2805495,8.64
20211011T1400,33.6315,0.0,46.0,1003.5,8.311245,9.0
20211011T1500,33.321503,0.0,46.0,1002.8,9.0645685,9.36
20211011T1600,32.6015,0.0,47.0,1002.9,9.0,8.28
20211011T1700,31.0315,0.0,51.0,1003.4,7.771331,7.5599995
20211011T1800,29.6915,0.0,56.0,1003.9,8.311245,12.959999
20211011T1900,28.4215,0.0,63.0,1004.3,7.8625183,14.04
20211011T2000,27.2115,0.0,69.0,1004.9,8.089993,14.04
20211011T2100,26.1815,0.0,74.0,1005.5,8.209263,15.4800005
20211011T2200,25.821499,0.0,74.0,1005.3,7.968939,14.4
20211011T2300,25.5315,0.0,74.0,1005.0,7.42159,13.679999
20211012T0000,25.0515,0.0,75.0,1004.9,7.10031,12.959999
20211012T0100,24.3515,0.0,77.0,1004.8,7.5942082,13.679999
20211012T0200,23.491499,0.0,81.0,1004.5,7.9036193,14.759999
20211012T0300,22.8715,0.0,83.0,1004.3,7.4128532,15.119999
20211012T0400,22.411499,0.0,85.0,1004.7,7.24486,15.119999
20211012T0500,21.8415,0.0,87.0,1005.2,7.729527,15.4800005
20211012T0600,23.2115,0.0,81.0,1005.8,6.9247384,13.679999
20211012T0700,26.2015,0.0,72.0,1006.1,5.4833565,8.28
20211012T0800,28.9415,0.0,62.0,1006.9,6.9527545,7.5599995
20211012T0900,30.8415,0.0,56.0,1006.9,7.928178,7.5599995
20211012T1000,32.1915,0.0,52.0,1006.0,8.654986,6.4799995
20211012T1100,33.141502,0.0,50.0,1005.2,8.089993,9.36
20211012T1200,33.7915,0.0,47.0,1004.1,7.208994,8.64
20211012T1300,34.161503,0.0,47.0,1003.5,8.647496,9.72
20211012T1400,34.2215,0.0,47.0,1002.7,10.086427,10.440001
20211012T1500,33.931503,0.0,48.0,1002.0,10.805999,10.440001
20211012T1600,33.211502,0.0,49.0,1002.2,10.440001,10.440001
20211012T1700,31.4515,0.0,54.0,1002.7,8.311245,12.959999
20211012T1800,29.8515,0.0,59.0,1003.5,8.714677,15.4800005
20211012T1900,28.2915,0.0,66.0,1003.9,8.287822,17.28
20211012T2000,26.9815,0.0,71.0,1004.7,8.854829,18.72
20211012T2100,26.0015,0.0,75.0,1005.1,8.427383,19.08
20211012T2200,25.4715,0.0,76.0,1004.9,8.473393,19.8
20211012T2300,24.9415,0.0,78.0,1004.7,8.209263,23.4
20211013T0000,24.3715,0.0,80.0,1004.8,8.209263,17.28
20211013T0100,23.8115,0.0,82.0,1004.8,8.089993,16.919998
20211013T0200,23.2115,0.0,84.0,1004.5,8.225035,17.64
20211013T0300,22.661499,0.0,86.0,1004.4,7.8954163,17.64
20211013T0400,22.2115,0.0,87.0,1004.8,7.8954163,17.64
20211013T0500,21.7915,0.0,89.0,1005.2,7.8954163,23.039999
20211013T0600,23.2315,0.0,81.0,1005.5,8.669949,14.759999
20211013T0700,26.4415,0.0,69.0,1005.9,9.007196,14.04
20211013T0800,29.1415,0.0,60.0,1006.5,9.72,11.159999
20211013T0900,31.0115,0.0,55.0,1007.0,10.182337,9.72
20211013T1000,32.4215,0.0,51.0,1006.1,10.239453,7.92
20211013T1100,33.4415,0.0,47.0,1005.2,10.041354,7.92
20211013T1200,34.1015,0.0,45.0,1004.0,10.308831,8.28
20211013T1300,34.521503,0.0,45.0,1003.1,11.525623,10.08
20211013T1400,34.751503,0.0,41.0,1002.1,11.874544,10.440001
20211013T1500,34.3515,0.0,42.0,1001.5,13.138765,10.440001
20211013T1600,33.4515,0.0,45.0,1001.6,12.371645,8.64
20211013T1700,31.5315,0.0,50.0,1002.1,9.028754,14.759999
20211013T1800,29.821499,0.0,56.0,1002.7,9.793058,17.28
20211013T1900,28.0415,0.0,63.0,1003.0,8.891344,19.08
20211013T2000,26.5515,0.0,68.0,1003.9,8.854829,21.599998
20211013T2100,25.4215,0.0,73.0,1004.8,8.0899935,18.359999
20211013T2200,25.0615,0.0,73.0,1004.6,8.217153,17.64
20211013T2300,24.661499,0.0,74.0,1004.2,8.534353,17.64
20200930T0000,28.2015,0.0,72.0,1003.1,5.8048253,8.28
20200930T0100,27.5815,0.0,75.0,1002.8,6.12,7.92
20200930T0200,27.0215,0.0,77.0,1002.2,6.28713,7.92
20200930T0300,26.5515,0.0,79.0,1001.8,6.151683,7.92
20200930T0400,26.2215,0.0,80.0,1002.0,5.634891,7.5599995
20200930T0500,25.9215,0.0,81.0,1002.5,5.3517847,5.3999996
20200930T0600,26.7215,0.0,79.0,1003.0,5.0528407,4.68
20200930T0700,29.2015,0.0,74.0,1003.4,1.9386592,2.8799999
20200930T0800,31.651499,0.0,64.0,1004.1,1.1384199,2.52
20200930T0900,33.1715,0.0,55.0,1004.2,2.7416782,4.68
20200930T1000,33.911503,0.0,47.0,1004.2,4.1046314,4.68
20200930T1100,34.5815,0.0,46.0,1003.5,3.7585104,5.04
20200930T1200,35.0115,0.0,45.0,1002.7,4.379589,3.96
20200930T1300,35.341503,0.0,44.0,1001.9,5.8048253,4.68
20200930T1400,35.3615,0.0,44.0,1000.8,7.2805495,6.12
20200930T1500,35.1115,0.0,44.0,1000.0,7.5170207,7.2
20200930T1600,34.5815,0.0,45.0,1000.0,7.5170207,6.8399997
20200930T1700,33.181503,0.0,51.0,1001.4,4.3498964,4.68
20200930T1800,32.371502,0.0,52.0,1002.2,7.289444,11.5199995
20200930T1900,30.5215,0.0,61.0,1003.0,10.163227,13.32
20200930T2000,29.1015,0.0,72.0,1003.6,11.770403,19.8
20200930T2100,28.1215,0.0,80.0,1003.8,8.089993,15.4800005
20200930T2200,27.651499,0.0,83.0,1003.5,5.815978,15.84
20200930T2300,27.4515,0.0,84.0,1003.2,4.5536795,14.4
20201001T0000,27.1915,0.0,86.0,1003.0,4.73506,14.04
20201001T0100,26.821499,0.0,88.0,1002.6,5.04,14.4
20201001T0200,26.3815,0.0,90.0,1001.9,5.3999996,14.759999
20201001T0300,25.991499,0.0,92.0,1001.4,5.8048253,14.759999
20201001T0400,25.6715,0.0,94.0,1001.9,5.8048253,12.24
20201001T0500,25.3815,0.0,95.0,1002.4,6.28713,11.5199995
20201001T0600,26.5415,0.0,90.0,1002.9,6.830519,11.5199995
20201001T0700,29.661499,0.0,72.0,1003.2,7.289445,9.0
20201001T0800,31.9615,0.0,61.0,1003.7,6.830519,7.2
20201001T0900,33.521503,0.0,53.0,1003.8,7.2805495,6.8399997
20201001T1000,34.4415,0.0,49.0,1003.4,5.3517847,3.96
20201001T1100,35.001503,0.0,48.0,1002.7,4.5536795,9.36
20201001T1200,34.3815,0.1,48.0,1002.1,3.096837,3.2399998
20201001T1300,34.271503,0.2,48.0,1001.6,3.671294,3.96
20201001T1400,33.9915,0.3,48.0,1001.0,4.6938252,3.96
20201001T1500,34.2015,0.2,48.0,1000.5,5.0528407,5.7599998
20201001T1600,33.641502,0.0,50.0,1000.6,6.130579,6.12
20201001T1700,32.661503,0.0,61.0,1000.8,0.71999997,1.8
20201001T1800,32.4515,0.0,53.0,1001.4,4.0249224,4.32
20201001T1900,31.911499,0.0,55.0,1002.0,5.8603754,6.8399997
20201001T2000,31.2815,0.0,58.0,1002.7,6.162207,7.92
20201001T2100,30.661499,0.0,61.0,1003.1,5.04,8.28
20201001T2200,30.071499,0.0,64.0,1002.9,4.73506,7.92
20201001T2300,29.241499,0.0,67.0,1002.4,5.1544156,7.92
20201002T0000,28.5815,0.0,70.0,1002.1,5.8603754,7.92
20201002T0100,27.991499,0.0,72.0,1001.9,6.2145634,7.92
20201002T0200,27.4815,0.0,73.0,1001.6,6.379216,8.64
20201002T0300,27.0415,0.0,74.0,1001.4,6.28713,8.64
20201002T0400,26.6815,0.0,74.0,1001.8,5.634891,8.64
20201002T0500,26.3515,0.0,75.0,1002.2,5.315336,8.28
20201002T0600,26.9815,0.0,73.0,1002.8,3.8939953,6.4799995
20201002T0700,29.3415,0.0,70.0,1003.3,1.9386592,3.96
20201002T0800,31.8915,0.0,55.0,1004.1,2.4149535,3.2399998
20201002T0900,33.4915,0.0,49.0,1004.3,3.319036,5.7599998
20201002T1000,34.461502,0.0,48.0,1004.3,4.2136917,3.6
20201002T1100,35.0415,0.0,47.0,1003.6,8.287822,5.7599998
20201002T1200,34.2015,0.1,50.0,1003.0,12.261158,8.64
20201002T1300,33.1315,0.5,56.0,1002.7,15.226764,11.879999
20201002T1400,32.001503,0.4,62.0,1002.3,14.917212,12.959999
20201002T1500,32.161503,0.1,62.0,1001.7,14.264361,13.679999
20201002T1600,31.741499,0.0,63.0,1001.9,13.5515,12.599999
20201002T1700,30.8315,0.0,70.0,1002.3,3.8773184,5.7599998
20201002T1800,30.2815,0.0,70.0,1002.9,5.4833565,7.2
20201002T1900,29.8915,0.0,72.0,1003.6,5.95906,9.0
20201002T2000,29.5115,0.0,74.0,1004.3,6.151683,9.36
20201002T2100,29.1015,0.0,76.0,1004.8,6.638072,11.159999
20201002T2200,28.5815,0.0,79.0,1004.5,6.489992,12.24
20201002T2300,27.911499,0.0,83.0,1004.2,6.924738,11.5199995
20201003T0000,27.401499,0.0,86.0,1004.0,7.0911775,10.08
20201003T0100,27.1715,0.0,86.0,1003.9,6.989936,15.119999
20201003T0200,26.9515,0.0,87.0,1003.7,6.193674,14.04
20201003T0300,26.6715,0.0,88.0,1003.5,5.634891,11.879999
20201003T0400,26.411499,0.0,90.0,1003.8,5.5887027,10.08
20201003T0500,26.2315,0.0,92.0,1004.2,5.4477882,9.36
20201003T0600,27.1215,0.0,89.0,1004.6,6.12,8.64
20201003T0700,29.2815,0.0,80.0,1005.1,5.495161,8.28
20201003T0800,29.411499,1.5,77.0,1005.5,5.815978,7.5599995
20201003T0900,29.8415,1.0,73.0,1006.0,6.4799995,8.64
20201003T1000,29.991499,1.0,72.0,1005.9,5.771239,8.28
20201003T1100,30.1715,0.8,72.0,1005.4,6.489992,8.64
20201003T1200,30.6215,0.4,71.0,1004.8,6.5693827,9.36
20201003T1300,30.8115,0.3,69.0,1004.2,5.8048253,9.0
20201003T1400,31.1315,0.1,67.0,1003.2,5.771239,7.92
20201003T1500,30.911499,0.2,67.0,1002.7,5.3999996,7.2
20201003T1600,31.0615,0.0,67.0,1002.9,5.771239,6.8399997
20201003T1700,30.651499,0.3,68.0,1003.7,4.198285,6.12
20201003T1800,29.9615,0.0,73.0,1004.5,5.95906,7.5599995
20201003T1900,29.2715,0.0,77.0,1005.2,6.6185193,9.0
20201003T2000,28.661499,0.0,81.0,1005.7,6.489992,9.72
20201003T2100,28.1815,0.0,83.0,1006.1,6.489992,10.08
20201003T2200,27.7215,0.0,85.0,1005.9,6.0347,10.08
20201003T2300,27.3815,0.0,87.0,1005.8,5.5887027,9.36
20201004T0000,27.1015,0.0,88.0,1005.6,5.0528407,12.599999
20201004T0100,26.8115,0.0,89.0,1005.3,4.68,12.959999
20201004T0200,26.5415,0.0,90.0,1004.7,4.6938252,12.599999
20201004T0300,26.3415,0.0,91.0,1004.4,4.3349743,12.24
20201004T0400,26.241499,0.0,91.0,1004.8,3.96,11.5199995
20201004T0500,26.1915,0.0,91.0,1005.3,3.6179552,10.440001
20201004T0600,26.5815,0.0,90.0,1005.8,2.5455842,7.5599995
20201004T0700,27.5115,0.0,88.0,1006.1,1.609969,3.96
20201004T0800,28.991499,0.0,80.0,1006.3,1.5273507,1.8
20201004T0900,29.9815,0.6,74.0,1006.8,0.71999997,4.68
20201004T1000,30.241499,0.5,71.0,1006.6,1.9386592,5.3999996
20201004T1100,30.5115,0.3,68.0,1005.8,1.609969,4.68
20201004T1200,30.9415,0.2,66.0,1004.8,1.609969,4.32
20201004T1300,31.3115,0.1,65.0,1004.0,1.484318,3.6
20201004T1400,31.8315,0.0,63.0,1003.0,1.08,3.6
20201004T1500,31.8615,0.0,61.0,1002.3,0.8049845,4.68
20201004T1600,31.8015,0.0,61.0,1002.3,2.2768397,5.04
20201004T1700,29.7915,0.0,71.0,1004.0,2.9024127,4.68
20201004T1800,29.5415,0.0,72.0,1004.7,1.1384199,2.8799999
20201004T1900,29.2815,0.0,73.0,1005.2,1.484318,2.8799999
20201004T2000,29.0415,0.0,74.0,1005.9,1.4399999,3.2399998
20201004T2100,28.7815,0.0,75.0,1006.4,1.2979984,3.6
20201004T2200,28.5415,0.0,75.0,1006.4,1.9386592,3.96
20201004T2300,28.2715,0.0,77.0,1006.1,3.0758414,5.04
20201005T0000,27.8315,0.0,79.0,1005.7,3.7064266,6.12
20201005T0100,27.3815,0.0,81.0,1005.1,4.0249224,6.4799995
20201005T0200,26.9815,0.0,83.0,1004.5,4.0249224,6.4799995
20201005T0300,26.6215,0.0,85.0,1004.3,3.8939953,6.8399997
20201005T0400,26.321499,0.0,86.0,1004.8,4.1046314,7.2
20201005T0500,26.0615,0.0,88.0,1005.3,3.8939953,6.8399997
20201005T0600,26.7015,0.0,87.0,1005.7,3.396233,6.12
20201005T0700,28.8015,0.0,79.0,1006.0,3.4152596,4.32
20201005T0800,30.3315,0.3,72.0,1006.2,2.9024127,3.6
20201005T0900,29.821499,1.0,72.0,1006.7,2.9024127,5.04
20201005T1000,30.0515,0.7,72.0,1006.5,2.5455842,4.68
20201005T1100,30.2315,0.6,71.0,1005.9,2.1897945,4.32
20201005T1200,30.4415,0.6,69.0,1005.2,2.1897945,3.96
20201005T1300,30.6415,0.6,68.0,1004.6,1.9386592,3.2399998
20201005T1400,30.5015,0.5,68.0,1003.8,1.609969,2.8799999
20201005T1500,30.4215,0.4,69.0,1003.3,1.1384199,2.16
20201005T1600,30.401499,0.1,69.0,1003.6,0.71999997,1.8
20201005T1700,30.3315,0.2,71.0,1003.7,4.3498964,6.4799995
20201005T1800,29.6815,0.0,74.0,1004.4,5.6002855,8.28
20201005T1900,29.0915,0.0,78.0,1005.0,6.439876,9.36
20201005T2000,28.5015,0.0,81.0,1005.8,6.489992,10.08
20201005T2100,28.1315,0.0,83.0,1006.3,5.937272,11.5199995
20201005T2200,27.7715,0.0,84.0,1006.1,5.5887027,11.159999
20201005T2300,27.4215,0.0,84.0,1005.9,5.2416787,10.08
20201006T0000,27.1415,0.0,85.0,1005.8,4.3498964,9.0
20201006T0100,26.911499,0.0,86.0,1005.6,3.8268526,7.92
20201006T0200,26.6815,0.0,86.0,1005.1,3.5455887,6.8399997
20201006T0300,26.3815,0.0,87.0,1004.7,4.0249224,6.4799995
20201006T0400,26.1415,0.0,88.0,1005.0,4.3349743,6.4799995
20201006T0500,25.9615,0.0,89.0,1005.7,4.0249224,6.4799995
20201006T0600,26.6315,0.0,87.0,1006.4,3.671294,6.4799995
20201006T0700,28.7215,0.0,80.0,1007.0,3.7064266,6.12
20201006T0800,29.0015,1.0,78.0,1007.6,3.0758414,4.32
20201006T0900,29.491499,0.4,73.0,1008.0,4.0249224,6.12
20201006T1000,30.0015,0.2,71.0,1007.7,3.319036,5.3999996
20201006T1100,30.6815,0.1,67.0,1007.1,3.2599385,5.3999996
20201006T1200,31.8115,0.0,64.0,1006.4,2.9024127,5.04
20201006T1300,31.971498,0.0,61.0,1005.8,2.6208394,4.68
20201006T1400,31.3415,0.2,62.0,1004.8,2.1897945,2.8799999
20201006T1500,31.2315,0.1,63.0,1004.3,2.5455842,3.2399998
20201006T1600,31.2815,0.0,62.0,1004.6,2.968636,3.6
20201006T1700,30.2015,0.1,68.0,1004.8,6.696387,8.64
20201006T1800,29.411499,0.0,72.0,1005.6,7.127636,10.799999
20201006T1900,28.7515,0.0,75.0,1006.4,7.386582,12.24
20201006T2000,28.2915,0.0,78.0,1007.3,6.9153743,13.32
20201006T2100,28.0215,0.0,79.0,1007.8,6.489992,13.32
20201006T2200,27.7315,0.0,80.0,1007.6,6.151683,13.32
20201006T2300,27.3715,0.0,82.0,1007.3,5.8603754,13.32
20201007T0000,27.0215,0.0,83.0,1007.2,6.12,13.679999
20201007T0100,26.661499,0.0,85.0,1007.0,6.162207,13.679999
20201007T0200,26.2615,0.0,87.0,1006.8,6.28713,14.04
20201007T0300,25.8715,0.0,89.0,1006.7,6.28713,13.32
20201007T0400,25.4815,0.0,91.0,1007.2,6.379216,13.679999
20201007T0500,25.071499,0.0,93.0,1007.8,6.6185193,13.679999
20201007T0600,25.8315,0.0,91.0,1008.5,7.729527,11.159999
20201007T0700,28.6415,0.0,80.0,1009.3,10.308831,12.599999
20201007T0800,30.5315,0.0,69.0,1009.9,11.659777,12.959999
20201007T0900,31.3515,0.0,64.0,1010.3,10.823973,11.879999
20201007T1000,31.971498,0.0,61.0,1009.6,9.746631,10.08
20201007T1100,31.4815,0.2,62.0,1008.7,9.0,10.08
20201007T1200,31.7215,0.1,61.0,1007.8,8.4042845,9.0
20201007T1300,32.2615,0.0,59.0,1007.0,6.725354,7.2
20201007T1400,32.771503,0.0,57.0,1006.0,4.452954,5.7599998
20201007T1500,32.571503,0.0,57.0,1005.4,3.4152596,4.32
20201007T1600,32.181503,0.0,58.0,1005.5,2.9024127,4.32
20201007T1700,32.141502,0.0,57.0,1005.6,5.3517847,5.7599998
20201007T1800,31.5215,0.0,60.0,1006.5,6.792466,7.2
20201007T1900,30.8715,0.0,64.0,1007.3,8.534353,13.679999
20201007T2000,29.491499,0.0,71.0,1007.8,8.217153,17.64
20201007T2100,28.6715,0.0,75.0,1008.2,7.289445,16.199999
20201007T2200,28.0515,0.0,78.0,1008.0,6.489992,12.599999
20201007T2300,27.6415,0.0,80.0,1007.8,6.1305785,14.4
20201008T0000,27.3615,0.0,82.0,1007.7,5.6233797,14.04
20201008T0100,27.0415,0.0,84.0,1007.7,5.315336,11.879999
20201008T0200,26.6415,0.0,86.0,1007.4,5.3517847,11.879999
20201008T0300,26.241499,0.0,89.0,1007.3,5.5887027,10.08
20201008T0400,25.911499,0.0,91.0,1007.7,5.4477882,13.679999
20201008T0500,25.6215,0.0,92.0,1008.3,5.4119864,12.599999
20201008T0600,26.3615,0.0,90.0,1008.8,5.4477882,10.08
20201008T0700,28.7715,0.0,80.0,1009.3,6.28713,9.0
20201008T0800,30.5115,0.0,68.0,1009.9,8.669949,10.799999
20201008T0900,31.741499,0.0,62.0,1010.0,9.422101,10.799999
20201008T1000,32.661503,0.0,57.0,1009.4,9.114471,9.36
20201008T1100,33.3115,0.0,55.0,1008.5,7.5942073,8.28
20201008T1200,33.8815,0.0,50.0,1007.6,6.5693827,9.36
20201008T1300,34.2015,0.0,49.0,1006.8,5.04,7.92
20201008T1400,34.231503,0.0,49.0,1005.8,3.7585104,4.68
20201008T1500,34.001503,0.0,49.0,1005.1,3.0547013,5.3999996
20201008T1600,33.4415,0.0,51.0,1005.1,2.4149535,5.7599998
20201008T1700,31.971498,0.0,58.0,1005.6,4.8433046,5.3999996
20201008T1800,31.3915,0.0,60.0,1006.2,5.904439,7.2
20201008T1900,30.7815,0.0,63.0,1006.8,6.489992,7.5599995
20201008T2000,29.991499,0.0,67.0,1007.5,6.6087217,8.28
20201008T2100,29.241499,0.0,71.0,1008.0,6.792466,9.0
20201008T2200,28.5515,0.0,74.0,1008.0,6.989936,9.36
20201008T2300,28.0615,0.0,76.0,1007.9,6.4096174,9.36
20201009T0000,27.7315,0.0,78.0,1007.8,5.6233797,9.0
20201009T0100,27.3115,0.0,80.0,1007.8,5.4833565,11.159999
20201009T0200,26.8815,0.0,82.0,1007.7,5.771239,11.879999
20201009T0300,26.9715,0.0,83.0,1007.8,4.68,10.08
20201009T0400,26.901499,0.0,84.0,1008.1,4.6938252,11.159999
20201009T0500,26.4515,0.0,86.0,1008.3,4.73506,9.0
20201009T0600,27.071499,0.0,84.0,1008.9,5.771239,9.72
20201009T0700,29.1715,0.0,76.0,1009.3,8.089993,8.64
20201009T0800,31.2815,0.0,67.0,1010.0,8.049845,6.8399997
20201009T0900,32.821503,0.0,59.0,1010.4,4.072935,5.7599998
20201009T1000,33.4715,0.0,52.0,1009.7,4.3349743,5.04
20201009T1100,34.2415,0.0,49.0,1008.6,3.2599385,3.6
20201009T1200,34.771503,0.0,47.0,1007.7,2.2768397,3.6
20201009T1300,35.181503,0.0,45.0,1007.0,2.0991426,2.16
20201009T1400,35.231503,0.0,44.0,1006.1,3.319036,2.52
20201009T1500,34.9915,0.0,45.0,1005.4,4.6938252,3.96
20201009T1600,34.4415,0.0,46.0,1005.3,5.04,5.7599998
20201009T1700,32.641502,0.0,49.0,1005.7,6.3690495,7.5599995
20201009T1800,32.141502,0.0,50.0,1006.3,5.1165614,6.8399997
20201009T1900,31.8115,0.0,51.0,1007.1,3.7064266,6.12
20201009T2000,31.3715,0.0,53.0,1007.9,3.5455887,6.12
20201009T2100,30.741499,0.0,55.0,1008.4,3.8773184,6.12
20201009T2200,29.8815,0.0,58.0,1008.1,4.829907,7.5599995
20201009T2300,29.1015,0.0,62.0,1007.8,5.495161,9.36
20201010T0000,28.3815,0.0,64.0,1007.6,6.4096174,10.799999
20201010T0100,27.7115,0.0,67.0,1007.5,6.3690495,11.879999
20201010T0200,27.0415,0.0,69.0,1007.1,6.696387,13.32
20201010T0300,26.4515,0.0,71.0,1006.8,5.991594,13.679999
20201010T0400,26.0015,0.0,72.0,1006.8,4.39436,12.959999
20201010T0500,25.651499,0.0,73.0,1007.0,3.6,11.159999
20201010T0600,26.2115,0.0,75.0,1007.4,3.671294,9.0
20201010T0700,28.1815,0.0,72.0,1007.9,2.1897945,7.92
20201010T0800,31.3315,0.0,53.0,1008.6,2.4149535,6.4799995
20201010T0900,33.1915,0.0,43.0,1008.7,5.315336,7.5599995
20201010T1000,34.141502,0.0,40.0,1007.8,8.669949,9.72
20201010T1100,34.7215,0.0,40.0,1006.6,8.287822,7.5599995
20201010T1200,35.161503,0.0,38.0,1005.6,7.754637,8.64
20201010T1300,35.3515,0.0,38.0,1004.9,7.771331,8.64
20201010T1400,35.3115,0.0,37.0,1004.2,8.311245,10.799999
20201010T1500,34.891502,0.0,38.0,1003.7,8.647496,8.64
20201010T1600,34.0415,0.0,41.0,1003.8,8.28,8.28
20201010T1700,32.5415,0.0,51.0,1004.6,6.6185193,10.08
20201010T1800,31.8915,0.0,52.0,1005.4,6.297428,8.28
20201010T1900,31.3415,0.0,53.0,1006.2,5.3517847,7.92
20201010T2000,30.8415,0.0,53.0,1006.9,4.8965297,7.5599995
20201010T2100,30.3115,0.0,54.0,1007.3,4.6800003,7.5599995
20201010T2200,29.7915,0.0,55.0,1007.0,4.452954,7.2
20201010T2300,29.3515,0.0,55.0,1006.7,4.0249224,6.4799995
20201011T0000,28.911499,0.0,56.0,1006.5,3.671294,5.7599998
20201011T0100,28.3715,0.0,57.0,1006.5,3.2599385,5.3999996
20201011T0200,27.821499,0.0,59.0,1006.1,3.2399998,5.3999996
20201011T0300,27.2515,0.0,61.0,1005.7,3.2599385,5.04
20201011T0400,26.741499,0.0,63.0,1005.7,2.7416782,4.68
20201011T0500,26.2615,0.0,65.0,1005.9,2.0991426,4.32
20201011T0600,26.991499,0.0,67.0,1006.3,1.8,3.96
20201011T0700,28.5315,0.0,63.0,1006.9,0.8049845,3.96
20201011T0800,31.5115,0.0,53.0,1007.7,1.835647,2.52
20201011T0900,33.521503,0.0,44.0,1007.8,1.8,6.4799995
20201011T1000,33.9515,0.0,45.0,1006.8,2.9024127,5.3999996
20201011T1100,34.6315,0.0,42.0,1005.6,5.4477882,6.4799995
20201011T1200,35.051502,0.0,41.0,1004.6,6.2145634,8.28
20201011T1300,35.2615,0.0,41.0,1003.8,6.519877,8.28
20201011T1400,35.2015,0.0,41.0,1002.9,7.5685663,9.72
20201011T1500,34.821503,0.0,42.0,1002.3,7.92,10.08
20201011T1600,34.0815,0.0,43.0,1002.4,7.2,9.72
20201011T1700,32.0315,0.0,43.0,1003.0,6.379216,7.5599995
20201011T1800,31.4815,0.0,45.0,1003.4,4.802999,6.8399997
20201011T1900,31.0815,0.0,46.0,1004.0,3.96,5.7599998
20201011T2000,30.5115,0.0,48.0,1004.6,3.7585104,5.3999996
20201011T2100,29.9715,0.0,50.0,1005.1,4.0249224,5.04
20201011T2200,29.3415,0.0,52.0,1005.0,4.198285,4.68
20201011T2300,28.8515,0.0,53.0,1004.8,4.0249224,4.32
20201012T0000,28.321499,0.0,55.0,1004.8,3.5455887,3.96
20201012T0100,27.7815,0.0,57.0,1004.9,2.5455842,2.8799999
20201012T0200,27.2715,0.0,59.0,1004.6,1.9386592,2.8799999
20201012T0300,26.8315,0.0,60.0,1004.4,2.4149535,3.6
20201012T0400,26.3815,0.0,62.0,1004.6,2.5455842,3.96
20201012T0500,25.8815,0.0,64.0,1005.1,2.1897945,3.6
20201012T0600,26.4415,0.0,66.0,1005.5,2.5959969,3.96
20201012T0700,28.0215,0.0,63.0,1005.9,1.609969,3.6
20201012T0800,31.0515,0.0,53.0,1006.3,2.9024127,2.8799999
20201012T0900,33.091503,0.0,45.0,1006.2,3.2399998,2.8799999
20201012T1000,34.021503,0.0,40.0,1005.4,0.8049845,2.8799999
20201012T1100,34.6015,0.0,39.0,1004.4,1.4399999,2.8799999
20201012T1200,35.021503,0.0,39.0,1003.5,2.0991426,3.6
20201012T1300,35.2415,0.0,39.0,1002.9,3.096837,4.32
20201012T1400,35.1915,0.0,40.0,1002.2,3.8939953,4.68
20201012T1500,34.8315,0.0,41.0,1001.7,4.6938257,5.7599998
20201012T1600,34.1015,0.0,44.0,1002.0,5.00128,6.12
20201012T1700,32.5615,0.0,45.0,1002.4,3.8773184,3.96
20201012T1800,31.951498,0.0,47.0,1003.3,2.968636,3.2399998
20201012T1900,31.3615,0.0,49.0,1003.9,2.16,2.16
20201012T2000,30.8915,0.0,50.0,1004.4,1.5273507,1.08
20201012T2100,30.651499,0.0,51.0,1004.8,3.2399998,3.2399998
20201012T2200,29.9415,0.0,52.0,1004.9,4.6938252,5.04
20201012T2300,29.2115,0.0,54.0,1004.7,5.3517847,6.4799995
20201013T0000,28.5915,0.0,55.0,1004.6,5.8048253,7.5599995
20201013T0100,27.9815,0.0,57.0,1004.6,6.193674,8.64
20201013T0200,27.3515,0.0,59.0,1004.2,6.489992,9.72
20201013T0300,26.7515,0.0,61.0,1004.1,7.2,11.159999
20201013T0400,26.2015,0.0,63.0,1004.5,7.145796,11.159999
20201013T0500,25.6915,0.0,65.0,1005.0,6.8777895,12.599999
20201013T0600,26.2515,0.0,66.0,1005.5,5.904439,11.5199995
20201013T0700,28.161499,0.0,63.0,1005.9,3.396233,11.159999
20201013T0800,31.491499,0.0,53.0,1006.6,5.937272,7.5599995
20201013T0900,33.5415,0.0,45.0,1006.8,7.771331,7.92
20201013T1000,34.3815,0.0,44.0,1006.2,5.3999996,5.7599998
20201013T1100,34.9915,0.0,43.0,1005.2,2.8799999,4.32
20201013T1200,35.411503,0.0,42.0,1004.3,1.835647,3.96
20201013T1300,35.6515,0.0,42.0,1003.6,1.2979984,3.2399998
20201013T1400,35.621502,0.0,43.0,1002.7,1.1384199,3.2399998
20201013T1500,35.3115,0.0,44.0,1002.2,0.71999997,2.8799999
20201013T1600,34.7015,0.0,45.0,1002.5,0.35999998,2.8799999
20201013T1700,33.2615,0.0,50.0,1003.2,3.6,3.96
20201013T1800,32.8615,0.0,51.0,1003.9,3.7585104,5.04
20201013T1900,32.2215,0.0,53.0,1004.4,4.6800003,5.7599998
20201013T2000,31.5915,0.0,55.0,1005.0,5.95906,7.2
20201013T2100,30.9615,0.0,57.0,1005.4,6.763786,9.0
20201013T2200,30.3315,0.0,59.0,1005.5,7.0911775,9.72
20201013T2300,29.6815,0.0,60.0,1005.3,7.0911775,10.799999
20190930T0000,24.2715,0.1,97.0,1009.1,4.1046314,10.08
20190930T0100,24.2615,0.1,96.0,1008.6,4.6938252,7.2
20190930T0200,24.1715,0.2,96.0,1008.0,5.04,7.2
20190930T0300,24.0915,0.5,96.0,1007.7,4.896529,8.28
20190930T0400,24.1115,0.3,96.0,1008.2,5.1919937,9.0
20190930T0500,24.161499,0.1,96.0,1008.7,5.1165614,8.28
20190930T0600,24.3515,0.0,96.0,1009.3,4.5536795,7.92
20190930T0700,24.7515,0.0,93.0,1009.7,4.32,9.0
20190930T0800,25.0415,0.0,91.0,1010.5,4.73506,9.0
20190930T0900,25.2215,0.0,91.0,1011.1,3.671294,9.0
20190930T1000,25.3615,0.0,90.0,1010.9,2.1897945,7.92
20190930T1100,25.4215,0.0,89.0,1010.3,1.2979984,6.12
20190930T1200,25.4715,0.0,89.0,1009.7,2.5455842,2.8799999
20190930T1300,25.3415,0.0,89.0,1009.2,3.6179552,3.6
20190930T1400,25.151499,0.0,90.0,1008.3,4.0249224,3.2399998
20190930T1500,24.9715,0.0,91.0,1007.6,4.1046314,3.2399998
20190930T1600,24.7215,0.0,92.0,1007.7,3.219938,2.8799999
20190930T1700,25.5615,0.0,84.0,1007.2,4.072935,5.7599998
20190930T1800,25.4215,0.0,85.0,1008.0,4.3349743,6.12
20190930T1900,25.241499,0.0,86.0,1008.6,4.8433046,6.12
20190930T2000,25.071499,0.0,87.0,1009.2,4.6938257,5.7599998
20190930T2100,24.8615,0.0,89.0,1009.5,3.7064266,6.12
20190930T2200,24.651499,0.0,91.0,1009.3,1.9386592,1.4399999
20190930T2300,24.5115,0.0,92.0,1009.0,0.35999998,2.16
20191001T0000,24.401499,0.1,93.0,1008.7,0.35999998,7.5599995
20191001T0100,24.2915,0.1,94.0,1008.5,1.484318,8.64
20191001T0200,24.1715,0.1,95.0,1007.9,2.4149535,9.36
20191001T0300,24.0615,0.0,95.0,1007.5,3.396233,9.72
20191001T0400,23.911499,0.0,95.0,1007.6,3.8268526,9.36
20191001T0500,23.7315,0.0,95.0,1007.9,4.39436,10.440001
20191001T0600,23.7215,0.0,94.0,1008.3,4.3498964,10.440001
20191001T0700,23.9515,0.0,92.0,1008.7,4.1046314,9.0
20191001T0800,24.3715,0.0,91.0,1009.5,3.4152596,5.7599998
20191001T0900,24.9215,0.0,89.0,1009.9,3.6,5.3999996
20191001T1000,25.6115,0.0,85.0,1009.5,4.3349743,5.7599998
20191001T1100,26.2115,0.0,82.0,1008.9,3.0758414,5.04
20191001T1200,26.7915,0.0,78.0,1008.4,1.8,3.96
20191001T1300,28.6815,0.0,72.0,1007.8,1.0182338,2.16
20191001T1400,28.6015,0.0,71.0,1007.0,2.0364676,5.04
20191001T1500,28.5615,0.1,71.0,1006.4,3.096837,7.2
20191001T1600,27.8515,0.7,74.0,1006.7,3.8773184,9.0
20191001T1700,26.821499,0.0,78.0,1006.8,6.519877,6.12
20191001T1800,26.1215,0.0,81.0,1007.8,6.8399997,10.08
20191001T1900,25.5215,0.0,84.0,1008.7,6.8399997,11.159999
20191001T2000,24.9415,0.0,88.0,1009.6,7.2359104,12.24
20191001T2100,24.4315,0.0,91.0,1010.0,8.049845,10.440001
20191001T2200,23.9615,0.0,93.0,1009.9,8.654986,10.799999
20191001T2300,23.5315,0.0,96.0,1009.7,8.311245,11.5199995
20191002T0000,23.1315,0.0,98.0,1009.7,7.8625183,11.879999
20191002T0100,23.3115,0.0,96.0,1009.8,7.8625183,12.599999
20191002T0200,23.1215,0.0,95.0,1009.3,6.830519,12.959999
20191002T0300,23.3115,0.0,95.0,1009.0,6.830519,7.5599995
20191002T0400,23.3315,0.0,95.0,1009.3,6.9899354,9.72
20191002T0500,23.3115,0.0,95.0,1009.8,6.162207,9.72
20191002T0600,23.5615,0.0,94.0,1010.3,5.4119864,9.0
20191002T0700,24.2615,0.0,91.0,1010.8,7.5685663,7.5599995
20191002T0800,25.1115,0.0,88.0,1011.4,8.669949,8.64
20191002T0900,26.1915,0.0,83.0,1011.5,9.028754,7.92
20191002T1000,27.7515,0.0,77.0,1010.7,8.669949,8.28
20191002T1100,29.0615,0.0,71.0,1009.9,7.9526596,9.0
20191002T1200,30.1215,0.0,65.0,1009.2,7.9932976,9.0
20191002T1300,30.7015,0.0,62.0,1008.5,6.924738,7.92
20191002T1400,31.0015,0.0,60.0,1007.3,6.162207,5.7599998
20191002T1500,30.8415,0.0,60.0,1006.5,4.802999,5.04
20191002T1600,30.411499,0.0,61.0,1006.4,4.1046314,4.68
20191002T1700,29.2815,0.0,69.0,1006.1,3.396233,3.6
20191002T1800,28.7115,0.0,71.0,1007.0,4.3498964,4.68
20191002T1900,28.411499,0.0,73.0,1007.9,5.00128,6.12
20191002T2000,28.0815,0.0,76.0,1008.7,5.692099,8.64
20191002T2100,27.7015,0.1,79.0,1009.1,6.4096174,8.28
20191002T2200,27.1315,0.7,83.0,1008.7,6.193674,8.28
20191002T2300,26.7015,0.4,86.0,1008.5,5.904439,7.92
20191003T0000,26.1015,0.0,87.0,1008.3,6.3690495,8.28
20191003T0100,25.5215,0.0,90.0,1008.0,6.8777895,9.72
20191003T0200,25.3315,0.0,91.0,1007.4,6.9153743,10.440001
20191003T0300,25.0415,0.0,92.0,1007.1,6.9247384,11.159999
20191003T0400,24.9415,0.0,93.0,1007.6,6.849467,10.08
20191003T0500,24.9515,0.0,93.0,1008.3,5.3999996,5.04
20191003T0600,25.6115,0.0,90.0,1008.7,4.3498964,4.32
20191003T0700,28.1115,0.0,79.0,1009.0,4.829907,9.36
20191003T0800,28.2015,1.3,75.0,1009.3,7.9526596,9.36
20191003T0900,28.4315,1.0,74.0,1009.6,9.36,7.5599995
20191003T1000,28.6115,0.8,73.0,1009.3,9.007196,7.92
20191003T1100,28.741499,0.7,73.0,1008.9,8.28,7.2
20191003T1200,28.8015,0.9,73.0,1008.5,7.5685663,7.92
20191003T1300,28.821499,0.9,73.0,1008.1,6.130579,6.8399997
20191003T1400,28.7515,0.7,73.0,1007.3,4.379589,5.3999996
20191003T1500,28.6215,0.7,74.0,1006.8,3.396233,4.32
20191003T1600,28.3915,0.7,75.0,1007.0,3.7064266,4.68
20191003T1700,27.9315,0.0,77.0,1007.0,4.3349743,6.12
20191003T1800,27.6115,0.0,77.0,1007.7,3.563818,6.12
20191003T1900,27.3615,0.0,78.0,1008.5,3.319036,6.12
20191003T2000,27.0915,0.0,80.0,1009.2,2.9024127,6.12
20191003T2100,26.8715,0.2,83.0,1009.7,2.7416782,6.4799995
20191003T2200,26.5015,0.2,86.0,1009.5,3.4152596,7.5599995
20191003T2300,26.161499,0.0,88.0,1009.2,3.2599385,4.32
20191004T0000,25.7215,0.0,92.0,1009.0,3.219938,7.5599995
20191004T0100,25.4315,0.0,94.0,1008.9,3.563818,8.64
20191004T0200,25.1715,0.0,95.0,1008.4,4.0249224,3.96
20191004T0300,24.9715,0.0,95.0,1008.0,4.0249224,3.6
20191004T0400,24.8415,0.0,95.0,1008.3,4.072935,10.799999
20191004T0500,24.7615,0.0,94.0,1009.1,4.3349743,10.08
20191004T0600,25.2515,0.0,92.0,1009.8,4.198285,4.32
20191004T0700,26.911499,0.1,85.0,1010.0,4.5536795,5.04
20191004T0800,27.6715,0.2,78.0,1010.3,1.8,3.6
20191004T0900,27.5615,0.0,78.0,1010.3,1.8,3.6
20191004T1000,28.9315,0.0,74.0,1010.0,1.4399999,2.8799999
20191004T1100,27.9215,0.0,76.0,1009.5,2.3051248,3.6
20191004T1200,28.151499,0.1,75.0,1008.9,3.096837,3.96
20191004T1300,28.3015,0.0,75.0,1008.3,4.0249224,4.32
20191004T1400,28.8715,0.3,73.0,1007.1,4.379589,3.96
20191004T1500,28.6815,0.4,73.0,1006.4,4.3498964,4.32
20191004T1600,28.6315,0.0,74.0,1006.4,4.0249224,3.96
20191004T1700,28.0015,0.0,78.0,1006.9,4.68,3.6
20191004T1800,27.491499,0.0,78.0,1007.6,5.2416787,6.12
20191004T1900,27.0815,0.0,80.0,1008.1,5.495161,6.8399997
20191004T2000,26.661499,0.0,82.0,1008.4,5.692099,7.5599995
20191004T2100,26.2815,0.0,84.0,1008.7,6.193674,8.64
20191004T2200,25.8415,0.0,86.0,1008.6,6.489992,10.08
20191004T2300,25.4415,0.0,88.0,1008.6,6.6087217,10.799999
20191005T0000,25.1715,0.0,89.0,1008.6,6.439876,11.5199995
20191005T0100,24.991499,0.0,89.0,1008.4,6.0347,11.5199995
20191005T0200,24.7115,0.0,90.0,1007.9,5.3517847,11.159999
20191005T0300,24.4515,0.0,91.0,1007.8,5.1919937,9.72
20191005T0400,24.2515,0.0,92.0,1008.4,4.6102495,8.28
20191005T0500,24.2315,0.0,93.0,1009.1,4.510787,7.5599995
20191005T0600,24.741499,0.1,91.0,1009.7,4.3498964,4.68
20191005T0700,25.9715,0.1,89.0,1010.2,1.8,2.8799999
20191005T0800,27.2915,1.1,83.0,1010.7,1.9386592,3.96
20191005T0900,27.7915,0.4,77.0,1010.6,3.6179552,5.3999996
20191005T1000,28.8015,0.0,72.0,1010.1,4.2136917,5.3999996
20191005T1100,28.9315,0.1,71.0,1009.9,4.3349743,6.12
20191005T1200,29.5215,0.1,67.0,1009.3,3.8268526,5.7599998
20191005T1300,30.5115,0.0,64.0,1008.5,2.3051248,3.96
20191005T1400,30.8415,0.0,61.0,1007.4,1.2979984,3.2399998
20191005T1500,30.7715,0.0,61.0,1006.8,0.5091169,2.52
20191005T1600,30.3515,0.0,62.0,1006.9,1.8,3.96
20191005T1700,28.8015,0.0,71.0,1007.7,5.0142193,6.8399997
20191005T1800,28.2915,0.0,73.0,1008.4,5.904439,9.0
20191005T1900,27.7715,0.0,75.0,1009.0,6.3690495,10.08
20191005T2000,27.3115,0.0,77.0,1009.4,6.4096174,10.440001
20191005T2100,26.911499,0.0,78.0,1009.7,5.904439,10.08
20191005T2200,26.5015,0.0,79.0,1009.4,5.8048253,9.72
20191005T2300,26.0915,0.0,81.0,1009.3,5.95906,10.08
20191006T0000,25.661499,0.0,83.0,1009.3,6.28713,9.0
20191006T0100,25.0915,0.0,86.0,1009.3,6.763786,10.799999
20191006T0200,24.5515,0.0,88.0,1008.9,6.792466,12.24
20191006T0300,24.1115,0.0,91.0,1008.7,6.6087217,13.32
20191006T0400,23.7215,0.0,92.0,1009.1,6.9527545,14.4
20191006T0500,23.3015,0.0,94.0,1009.6,7.42159,15.84
20191006T0600,24.3615,0.0,90.0,1010.2,8.4042845,10.440001
20191006T0700,27.2715,0.0,79.0,1010.7,9.693296,13.32
20191006T0800,29.3715,0.0,70.0,1011.1,9.422101,10.799999
20191006T0900,30.7815,0.0,64.0,1011.0,7.928177,8.28
20191006T1000,31.571499,0.0,56.0,1010.9,3.319036,3.6
20191006T1100,32.341503,0.0,52.0,1010.3,2.4149535,3.6
20191006T1200,32.6915,0.0,50.0,1009.5,3.319036,4.68
20191006T1300,32.9715,0.0,50.0,1008.9,3.319036,3.2399998
20191006T1400,33.051502,0.0,48.0,1007.9,2.0364676,5.7599998
20191006T1500,32.9015,0.0,47.0,1007.1,2.0991426,6.12
20191006T1600,32.461502,0.0,49.0,1007.2,2.6208394,3.6
20191006T1700,30.2915,0.0,59.0,1007.8,6.0347,9.36
20191006T1800,29.401499,0.0,62.0,1008.5,7.9526596,10.08
20191006T1900,28.2915,0.0,68.0,1009.1,9.007196,12.959999
20191006T2000,27.3915,0.0,73.0,1009.9,9.36,15.119999
20191006T2100,26.661499,0.0,77.0,1010.5,9.028754,16.56
20191006T2200,26.0115,0.0,81.0,1010.4,8.759178,17.64
20191006T2300,25.4515,0.0,85.0,1010.1,8.557102,21.599998
20191007T0000,24.991499,0.0,87.0,1009.9,8.089993,21.96
20191007T0100,24.6015,0.0,88.0,1009.6,7.729527,21.24
20191007T0200,24.2115,0.0,90.0,1009.1,7.2,16.56
20191007T0300,23.7615,0.0,92.0,1008.8,7.145796,12.959999
20191007T0400,23.3415,0.0,94.0,1009.2,6.9153743,12.599999
20191007T0500,23.0115,0.0,95.0,1009.8,7.2,12.24
20191007T0600,24.0415,0.0,91.0,1010.4,7.9932966,12.24
20191007T0700,27.1115,0.0,81.0,1010.9,7.653705,11.5199995
20191007T0800,29.7715,0.0,68.0,1011.5,9.339208,7.5599995
20191007T0900,31.4815,0.0,60.0,1011.7,8.654986,6.8399997
20191007T1000,32.321503,0.0,52.0,1011.2,6.12,5.3999996
20191007T1100,32.961502,0.0,49.0,1010.5,5.7599998,6.4799995
20191007T1200,33.411503,0.0,48.0,1009.7,6.162207,5.7599998
20191007T1300,33.711502,0.0,46.0,1008.9,7.2359104,6.12
20191007T1400,33.7015,0.0,46.0,1007.8,7.92,7.2
20191007T1500,33.411503,0.0,46.0,1007.1,8.287822,7.92
20191007T1600,32.8315,0.0,48.0,1007.1,7.5942073,7.2
20191007T1700,30.9615,0.0,55.0,1008.2,6.151683,7.92
20191007T1800,30.2815,0.0,57.0,1009.2,6.4096174,8.28
20191007T1900,29.7015,0.0,60.0,1009.9,5.8048253,6.8399997
20191007T2000,29.071499,0.0,62.0,1010.4,6.519877,7.5599995
20191007T2100,28.3515,0.0,66.0,1010.8,7.208994,7.92
20191007T2200,27.2915,0.0,72.0,1010.5,7.9932976,10.440001
20191007T2300,26.1115,0.0,79.0,1010.2,7.69592,12.599999
20191008T0000,25.1415,0.0,85.0,1010.0,7.69592,13.679999
20191008T0100,24.4815,0.0,89.0,1009.8,6.924738,13.679999
20191008T0200,24.0615,0.0,92.0,1009.5,6.519877,12.959999
20191008T0300,23.8315,0.0,93.0,1009.4,5.4119864,16.56
20191008T0400,23.6315,0.0,93.0,1009.7,5.4477882,15.119999
20191008T0500,23.4315,0.0,94.0,1010.4,5.506941,14.4
20191008T0600,24.2115,0.0,91.0,1011.0,5.937272,9.36
20191008T0700,27.0315,0.0,82.0,1011.5,3.671294,4.68
20191008T0800,29.8615,0.0,68.0,1011.9,5.2416787,3.6
20191008T0900,31.411499,0.0,60.0,1011.8,3.396233,3.6
20191008T1000,32.181503,0.0,51.0,1011.1,1.08,2.16
20191008T1100,32.6715,0.0,50.0,1010.4,1.8,2.8799999
20191008T1200,33.0415,0.0,49.0,1009.7,2.1897945,2.8799999
20191008T1300,33.3615,0.0,47.0,1009.1,2.1897945,3.2399998
20191008T1400,33.321503,0.0,47.0,1008.3,1.8,1.8
20191008T1500,32.9715,0.0,47.0,1007.9,2.16,1.4399999
20191008T1600,32.2815,0.0,49.0,1008.3,5.771239,5.04
20191008T1700,29.8615,0.0,59.0,1009.2,7.208994,6.4799995
20191008T1800,29.1415,0.0,62.0,1010.2,7.968939,14.04
20191008T1900,28.1315,0.0,67.0,1010.6,9.19939,8.64
20191008T2000,27.161499,0.0,74.0,1011.3,10.296251,14.04
20191008T2100,26.2915,0.0,80.0,1011.9,8.78872,16.56
20191008T2200,25.6715,0.0,84.0,1011.7,8.0899935,15.4800005
20191008T2300,25.1815,0.0,87.0,1011.6,7.24486,14.759999
20191009T0000,24.7715,0.0,89.0,1011.4,6.763786,14.759999
20191009T0100,24.4415,0.0,90.0,1011.1,6.151683,14.04
20191009T0200,24.2615,0.0,91.0,1010.6,5.1544156,12.599999
20191009T0300,24.0515,0.0,92.0,1010.3,5.0911684,11.5199995
20191009T0400,23.8915,0.0,93.0,1010.6,4.68,11.5199995
20191009T0500,23.7315,0.0,94.0,1011.1,4.3349743,10.799999
20191009T0600,24.5315,0.0,91.0,1011.7,4.0249224,9.36
20191009T0700,26.8615,0.0,81.0,1012.0,4.510787,9.36
20191009T0800,28.491499,0.0,73.0,1012.0,6.28713,9.0
20191009T0900,29.4715,0.0,67.0,1011.7,7.6367526,9.72
20191009T1000,30.2915,0.0,63.0,1011.0,6.12,7.2
20191009T1100,31.0315,0.0,59.0,1010.2,5.771239,6.8399997
20191009T1200,31.5315,0.0,57.0,1009.4,4.3349743,5.04
20191009T1300,31.8415,0.0,56.0,1008.7,3.6179552,3.96
20191009T1400,31.9215,0.0,54.0,1007.5,2.5455842,3.6
20191009T1500,31.6815,0.0,54.0,1006.8,2.16,2.8799999
20191009T1600,31.1715,0.0,55.0,1006.9,2.6208394,3.2399998
20191009T1700,29.4615,0.0,60.0,1008.3,5.634891,5.3999996
20191009T1800,28.9215,0.0,62.0,1008.9,5.937272,8.64
20191009T1900,28.401499,0.0,64.0,1009.4,6.519877,10.799999
20191009T2000,27.7315,0.0,67.0,1009.9,7.2,11.5199995
20191009T2100,26.821499,0.0,72.0,1010.4,7.928178,13.32
20191009T2200,25.9415,0.0,77.0,1010.3,7.9932976,13.679999
20191009T2300,25.2515,0.0,81.0,1010.3,7.6367526,12.959999
20191010T0000,24.7215,0.0,85.0,1010.2,7.342588,11.159999
20191010T0100,24.3615,0.0,87.0,1010.1,6.519877,9.0
20191010T0200,24.0415,0.0,89.0,1009.6,5.7599998,12.24
20191010T0300,23.7015,0.0,91.0,1009.3,5.506941,9.72
20191010T0400,23.4215,0.0,92.0,1009.9,5.4833565,7.92
20191010T0500,23.1715,0.0,93.0,1010.7,5.3517847,7.2
20191010T0600,23.9315,0.0,91.0,1011.2,5.0911684,6.12
20191010T0700,26.4715,0.0,80.0,1011.6,4.1046314,7.92
20191010T0800,28.3415,0.0,71.0,1011.8,5.04,5.7599998
20191010T0900,29.5015,0.0,63.0,1011.9,5.0142193,5.3999996
20191010T1000,30.4615,0.0,58.0,1011.3,2.9024127,3.2399998
20191010T1100,31.1915,0.0,56.0,1010.6,1.2979984,2.16
20191010T1200,31.821499,0.0,52.0,1009.8,1.2979984,1.4399999
20191010T1300,32.141502,0.0,51.0,1009.1,2.9024127,2.16
20191010T1400,32.1515,0.0,51.0,1008.2,5.0142193,3.96
20191010T1500,31.8615,0.0,52.0,1007.6,6.830519,5.3999996
20191010T1600,31.2915,0.0,54.0,1007.7,7.172949,6.8399997
20191010T1700,29.8815,0.0,58.0,1008.1,5.8048253,7.2
20191010T1800,29.3815,0.0,60.0,1008.9,5.4833565,8.28
20191010T1900,29.0315,0.0,62.0,1009.4,4.1046314,6.8399997
20191010T2000,28.8115,0.0,62.0,1010.0,2.1897945,5.04
20191010T2100,28.3415,0.0,64.0,1010.6,0.8049845,3.2399998
20191010T2200,27.9615,0.0,66.0,1010.6,1.8,1.8
20191010T2300,27.5915,0.0,68.0,1010.5,2.8799999,0.71999997
20191011T0000,27.1315,0.0,70.0,1010.4,2.9024127,7.2
20191011T0100,26.6815,0.0,71.0,1010.2,2.7416782,0.71999997
20191011T0200,26.2315,0.0,73.0,1009.9,2.8116899,1.08
20191011T0300,25.6815,0.0,75.0,1009.9,3.4152596,1.8
20191011T0400,25.2215,0.0,78.0,1010.4,3.2399998,1.8
20191011T0500,24.901499,0.0,79.0,1010.9,3.2399998,1.8
20191011T0600,25.3915,0.0,79.0,1011.3,3.2399998,1.8
20191011T0700,27.3715,0.0,75.0,1011.7,1.4399999,0.71999997
20191011T0800,29.8615,0.0,62.0,1012.3,0.5091169,3.2399998
20191011T0900,30.4315,0.0,52.0,1012.5,3.5455887,6.4799995
20191011T1000,31.1815,0.0,49.0,1011.8,4.2136917,7.5599995
20191011T1100,31.7615,0.0,48.0,1010.9,5.2416787,8.28
20191011T1200,32.301502,0.0,45.0,1010.0,5.937272,7.5599995
20191011T1300,32.5815,0.0,43.0,1009.3,6.924738,9.36
20191011T1400,32.571503,0.0,43.0,1008.3,7.5942073,10.08
20191011T1500,32.2415,0.0,43.0,1007.5,7.928178,9.36
20191011T1600,31.5815,0.0,46.0,1007.5,8.28,10.799999
20191011T1700,29.9215,0.0,54.0,1007.4,6.9899354,11.159999
20191011T1800,29.1915,0.0,57.0,1007.9,7.24486,12.599999
20191011T1900,28.4815,0.0,59.0,1008.5,7.2,13.32
20191011T2000,27.7815,0.0,62.0,1009.3,7.6367526,14.04
20191011T2100,27.0615,0.0,65.0,1009.8,7.8954163,14.759999
20191011T2200,26.3015,0.0,67.0,1009.8,7.8954163,15.119999
20191011T2300,25.7115,0.0,69.0,1009.8,7.8954163,15.119999
20191012T0000,25.2015,0.0,71.0,1009.9,7.928177,14.759999
20191012T0100,24.7315,0.0,72.0,1010.0,7.5942082,14.04
20191012T0200,24.1715,0.0,74.0,1009.7,7.0911775,13.679999
20191012T0300,23.6015,0.0,77.0,1009.5,7.172949,12.959999
20191012T0400,23.0415,0.0,79.0,1010.1,6.638072,12.24
20191012T0500,22.5415,0.0,81.0,1010.9,6.28713,11.5199995
20191012T0600,23.151499,0.0,80.0,1011.5,6.0347,10.440001
20191012T0700,25.5115,0.0,76.0,1011.9,2.9024127,8.64
20191012T0800,29.0115,0.0,61.0,1012.6,3.671294,7.2
20191012T0900,31.0415,0.0,51.0,1013.0,5.00128,7.2
20191012T1000,31.901499,0.0,41.0,1012.6,7.928177,10.08
20191012T1100,32.4515,0.0,40.0,1012.0,8.209263,10.440001
20191012T1200,32.8515,0.0,39.0,1011.3,8.217153,10.440001
20191012T1300,32.961502,0.0,38.0,1010.4,9.339208,13.679999
20191012T1400,32.9915,0.0,37.0,1009.3,10.464797,14.759999
20191012T1500,32.5615,0.0,37.0,1008.4,11.269782,14.04
20191012T1600,31.7215,0.0,40.0,1008.4,9.83268,13.679999
20191012T1700,29.9815,0.0,49.0,1008.7,8.049845,13.679999
20191012T1800,29.1215,0.0,51.0,1009.3,7.928178,14.4
20191012T1900,28.2815,0.0,54.0,1009.8,7.5942073,14.759999
20191012T2000,27.4815,0.0,56.0,1010.5,7.69592,15.119999
20191012T2100,26.7015,0.0,58.0,1011.2,7.968939,15.4800005
20191012T2200,25.8715,0.0,61.0,1011.1,7.754637,15.119999
20191012T2300,25.0815,0.0,64.0,1010.8,7.754637,14.759999
20191013T0000,24.3915,0.0,66.0,1010.8,7.754637,14.04
20191013T0100,23.7915,0.0,67.0,1010.7,7.5685663,13.679999
20191013T0200,23.2015,0.0,69.0,1010.3,7.5685663,13.679999
20191013T0300,22.6415,0.0,71.0,1010.1,7.289445,13.32
20191013T0400,22.1915,0.0,72.0,1010.5,7.145796,12.24
20191013T0500,21.7915,0.0,73.0,1011.1,7.145796,11.5199995
20191013T0600,22.3415,0.0,73.0,1011.7,7.9932966,11.5199995
20191013T0700,24.6315,0.0,71.0,1012.2,4.0249224,10.799999
20191013T0800,28.5915,0.0,57.0,1012.9,6.763786,9.0
20191013T0900,30.8515,0.0,49.0,1013.1,7.8625183,8.64
20191013T1000,31.951498,0.0,43.0,1012.6,8.4042845,11.5199995
20191013T1100,32.371502,0.0,39.0,1011.9,9.746631,12.24
20191013T1200,32.7215,0.0,39.0,1011.0,9.726665,18.359999
20191013T1300,32.931503,0.0,39.0,1010.2,10.464798,12.599999
20191013T1400,32.821503,0.0,39.0,1009.1,10.8955765,19.8
20191013T1500,32.521503,0.0,40.0,1008.3,11.304229,13.32
20191013T1600,31.741499,0.0,43.0,1008.3,10.182337,13.679999
20191013T1700,29.6915,0.0,48.0,1009.2,7.928178,12.599999
20191013T1800,28.9815,0.0,50.0,1009.8,7.342588,12.24
20191013T1900,28.1915,0.0,53.0,1010.3,7.729527,12.599999
20191013T2000,27.3815,0.0,56.0,1011.0,7.7043357,12.599999
20191013T2100,26.6015,0.0,58.0,1011.4,7.386582,12.599999
20191013T2200,25.8715,0.0,60.0,1011.3,7.6367526,12.599999
20191013T2300,25.2315,0.0,62.0,1011.3,7.386582,12.24
20180930T0000,27.4315,0.0,66.0,1007.1,7.928177,11.879999
20180930T0100,26.4315,0.0,68.0,1007.0,8.209263,12.959999
20180930T0200,25.5315,0.0,71.0,1006.6,8.161764,14.759999
20180930T0300,24.7015,0.0,73.0,1006.3,7.8954163,16.919998
20180930T0400,23.9215,0.0,76.0,1006.6,7.928177,19.8
20180930T0500,23.1415,0.0,78.0,1007.1,8.942214,20.16
20180930T0600,23.8715,0.0,76.0,1007.7,9.422101,17.64
20180930T0700,27.5315,0.0,65.0,1008.3,7.729527,15.84
20180930T0800,31.4615,0.0,50.0,1008.8,10.948973,15.119999
20180930T0900,34.1915,0.0,40.0,1009.0,13.684735,16.919998
20180930T1000,35.6015,0.0,35.0,1008.4,16.454008,21.599998
20180930T1100,36.3815,0.0,32.0,1007.8,19.930477,18.72
20180930T1200,36.841503,0.0,31.0,1007.2,20.393293,18.72
20180930T1300,37.1115,0.0,29.0,1006.4,20.393293,21.96
20180930T1400,37.071503,0.0,28.0,1005.4,20.858265,16.919998
20180930T1500,36.591503,0.0,28.0,1004.6,20.188908,16.919998
20180930T1600,35.7215,0.0,30.0,1004.6,18.11841,15.4800005
20180930T1700,32.6515,0.0,38.0,1005.1,11.165805,12.959999
20180930T1800,31.7615,0.0,38.0,1005.4,9.255571,11.879999
20180930T1900,30.8015,0.0,41.0,1005.8,9.021574,20.16
20180930T2000,29.6315,0.0,43.0,1006.3,9.793059,19.08
20180930T2100,28.5315,0.0,46.0,1006.7,9.957108,22.319998
20180930T2200,27.5615,0.0,49.0,1006.9,9.931042,22.319998
20180930T2300,26.741499,0.0,52.0,1007.0,9.422101,21.599998
20181001T0000,25.9615,0.0,55.0,1007.1,9.449572,20.880001
20181001T0100,25.1715,0.0,57.0,1006.9,9.220499,20.16
20181001T0200,24.4415,0.0,60.0,1006.6,8.714677,19.8
20181001T0300,23.7715,0.0,62.0,1006.6,8.435069,19.08
20181001T0400,23.1715,0.0,64.0,1007.1,7.928177,18.0
20181001T0500,22.6115,0.0,66.0,1007.8,8.209263,16.56
20181001T0600,23.5615,0.0,65.0,1008.3,8.78872,14.759999
20181001T0700,26.4715,0.0,61.0,1008.9,4.829907,6.12
20181001T0800,31.1015,0.0,45.0,1009.5,8.854829,6.8399997
20181001T0900,33.9915,0.0,38.0,1009.7,7.0911775,16.919998
20181001T1000,35.391502,0.0,35.0,1009.3,6.9527545,12.24
20181001T1100,36.211502,0.0,32.0,1008.7,11.901798,16.919998
20181001T1200,36.661503,0.0,31.0,1008.0,13.039754,17.64
20181001T1300,36.8115,0.0,31.0,1007.2,14.113653,18.0
20181001T1400,36.6715,0.0,31.0,1006.2,14.869351,18.359999
20181001T1500,36.251503,0.0,32.0,1005.6,15.226764,20.16
20181001T1600,35.5115,0.0,32.0,1005.7,14.561099,21.96
20181001T1700,32.871502,0.0,42.0,1006.4,9.36,13.32
20181001T1800,32.2615,0.0,42.0,1006.8,7.9932976,16.199999
20181001T1900,31.4715,0.0,44.0,1007.4,7.628263,15.84
20181001T2000,30.7215,0.0,47.0,1007.8,7.4128532,15.119999
20181001T2100,30.0015,0.0,49.0,1008.1,7.2,14.04
20181001T2200,29.2815,0.0,51.0,1008.0,7.42159,12.959999
20181001T2300,28.571499,0.0,53.0,1007.9,7.386582,11.5199995
20181002T0000,27.8715,0.0,56.0,1007.9,7.6367526,10.08
20181002T0100,27.161499,0.0,58.0,1007.7,7.8954163,9.0
20181002T0200,26.4615,0.0,61.0,1007.5,7.653705,7.5599995
20181002T0300,25.7915,0.0,63.0,1007.4,7.7043357,6.12
20181002T0400,25.161499,0.0,66.0,1007.9,7.5942082,4.68
20181002T0500,24.5415,0.0,69.0,1008.5,7.4128532,5.3999996
20181002T0600,25.1015,0.0,69.0,1009.1,7.729527,7.2
20181002T0700,27.6715,0.0,65.0,1009.6,3.7585104,6.12
20181002T0800,31.5015,0.0,52.0,1010.1,6.4096174,8.64
20181002T0900,33.9715,0.0,42.0,1010.3,7.491114,14.759999
20181002T1000,35.161503,0.0,36.0,1009.9,12.57426,18.72
20181002T1100,35.871502,0.0,34.0,1009.3,15.188415,20.16
20181002T1200,36.411503,0.0,31.0,1008.6,17.283749,21.96
20181002T1300,36.571503,0.0,30.0,1007.8,18.733839,22.68
20181002T1400,36.3815,0.0,31.0,1006.7,19.602652,23.039999
20181002T1500,35.891502,0.0,32.0,1005.9,19.06301,22.68
20181002T1600,35.021503,0.0,34.0,1005.9,17.377226,20.880001
20181002T1700,31.8715,0.0,43.0,1006.6,9.779817,16.919998
20181002T1800,31.3815,0.0,44.0,1007.0,7.9526596,15.84
20181002T1900,30.5515,0.0,48.0,1007.5,7.2359104,15.4800005
20181002T2000,29.8815,0.0,51.0,1008.0,6.4799995,14.759999
20181002T2100,29.2015,0.0,53.0,1008.3,6.2145634,14.759999
20181002T2200,28.4615,0.0,56.0,1008.2,6.6185193,12.24
20181002T2300,27.7115,0.0,59.0,1008.1,6.696387,13.32
20181003T0000,26.8015,0.0,62.0,1008.0,7.145796,10.440001
20181003T0100,25.9315,0.0,65.0,1007.8,7.7879906,7.2
20181003T0200,25.0215,0.0,68.0,1007.5,7.5942082,4.32
20181003T0300,24.0515,0.0,71.0,1007.4,7.7879906,2.52
20181003T0400,23.4215,0.0,72.0,1007.8,7.42159,4.32
20181003T0500,23.1415,0.0,71.0,1008.3,6.9153743,5.3999996
20181003T0600,23.9515,0.0,68.0,1008.9,7.10031,6.8399997
20181003T0700,26.7315,0.0,63.0,1009.5,3.319036,6.8399997
20181003T0800,30.7615,0.0,52.0,1010.1,4.198285,5.04
20181003T0900,33.2915,0.0,44.0,1010.3,5.0911684,15.84
20181003T1000,34.371502,0.0,39.0,1009.9,4.379589,14.759999
20181003T1100,35.411503,0.0,32.0,1009.3,10.365251,19.08
20181003T1200,35.961502,0.0,31.0,1008.6,12.303366,20.16
20181003T1300,36.2615,0.0,30.0,1007.8,13.708391,20.880001
20181003T1400,36.271503,0.0,28.0,1006.9,15.2947035,21.599998
20181003T1500,35.8615,0.0,29.0,1006.3,15.2947035,22.68
20181003T1600,35.071503,0.0,31.0,1006.5,13.849477,21.599998
20181003T1700,32.521503,0.0,37.0,1006.7,9.178235,14.4
20181003T1800,31.8615,0.0,38.0,1007.0,7.4128532,13.679999
20181003T1900,31.0615,0.0,40.0,1007.5,5.315336,14.4
20181003T2000,30.4615,0.0,42.0,1008.1,3.4152596,11.879999
20181003T2100,29.9615,0.0,43.0,1008.6,2.52,9.0
20181003T2200,29.2215,0.0,45.0,1008.7,1.8,6.8399997
20181003T2300,28.5115,0.0,48.0,1008.7,0.8049845,7.5599995
20181004T0000,27.8815,0.0,49.0,1008.8,1.4399999,9.36
20181004T0100,27.2015,0.0,51.0,1008.6,2.5455842,10.440001
20181004T0200,26.3815,0.0,54.0,1008.4,2.8799999,10.08
20181004T0300,25.571499,0.0,57.0,1008.4,2.16,8.64
20181004T0400,24.8115,0.0,60.0,1009.1,0.71999997,6.4799995
20181004T0500,24.1215,0.0,63.0,1009.9,0.71999997,3.6
20181004T0600,25.0215,0.0,65.0,1010.6,3.096837,1.8
20181004T0700,27.1815,0.0,61.0,1011.2,2.5959969,3.96
20181004T0800,30.3015,0.0,52.0,1011.8,2.6208394,3.6
20181004T0900,32.931503,0.0,43.0,1011.9,2.4149535,2.52
20181004T1000,34.5315,0.0,38.0,1011.2,1.8,11.879999
20181004T1100,35.321503,0.0,32.0,1010.6,6.8777895,15.119999
20181004T1200,35.7815,0.0,30.0,1010.0,8.714677,16.56
20181004T1300,36.0615,0.0,28.0,1009.4,10.739832,12.959999
20181004T1400,35.931503,0.0,29.0,1008.6,11.246759,15.4800005
20181004T1500,35.5315,0.0,29.0,1008.1,11.212135,15.119999
20181004T1600,34.771503,0.0,31.0,1008.2,10.182337,13.32
20181004T1700,32.2415,0.0,38.0,1008.2,8.049845,13.32
20181004T1800,31.4415,0.0,40.0,1008.6,5.815978,13.32
20181004T1900,30.741499,0.0,42.0,1009.1,2.8799999,10.08
20181004T2000,29.9415,0.0,45.0,1009.6,1.8,7.5599995
20181004T2100,29.161499,0.0,48.0,1010.1,2.16,4.68
20181004T2200,28.4315,0.0,50.0,1010.1,2.2768397,2.16
20181004T2300,27.7115,0.0,53.0,1010.2,2.5959969,5.3999996
20181005T0000,27.2615,0.0,55.0,1010.3,3.8773184,9.72
20181005T0100,26.8815,0.0,56.0,1010.3,5.315336,12.959999
20181005T0200,26.1715,0.0,58.0,1010.1,5.904439,14.759999
20181005T0300,25.7615,0.0,60.0,1010.0,4.6102495,14.4
20181005T0400,25.0315,0.0,62.0,1010.5,2.9024127,11.879999
20181005T0500,24.491499,0.0,65.0,1011.1,2.968636,9.0
20181005T0600,25.401499,0.0,65.0,1011.8,3.671294,7.5599995
20181005T0700,27.4215,0.0,61.0,1012.4,2.52,7.2
20181005T0800,30.411499,0.0,51.0,1013.0,5.154415,5.3999996
20181005T0900,32.551502,0.0,45.0,1013.2,5.3999996,5.7599998
20181005T1000,33.9715,0.0,40.0,1012.5,4.8433046,13.32
20181005T1100,35.1515,0.0,31.0,1011.7,8.049845,17.28
20181005T1200,35.7015,0.0,29.0,1010.9,10.495713,18.359999
20181005T1300,35.961502,0.0,28.0,1010.1,12.10157,19.44
20181005T1400,35.8615,0.0,28.0,1009.2,13.397612,20.519999
20181005T1500,35.4515,0.0,29.0,1008.5,13.217443,15.84
20181005T1600,34.681503,0.0,31.0,1008.5,12.10157,16.56
20181005T1700,31.5515,0.0,39.0,1008.6,9.227524,16.56
20181005T1800,30.9815,0.0,40.0,1008.9,7.5170207,15.4800005
20181005T1900,30.2615,0.0,42.0,1009.2,6.162207,13.32
20181005T2000,29.5515,0.0,44.0,1009.5,5.506941,11.5199995
20181005T2100,28.8015,0.0,47.0,1009.8,5.8048253,9.72
20181005T2200,27.991499,0.0,49.0,1009.7,6.8777895,9.72
20181005T2300,27.2115,0.0,52.0,1009.7,7.7043357,8.64
20181006T0000,26.4715,0.0,55.0,1009.8,7.9932966,8.28
20181006T0100,25.7815,0.0,57.0,1009.9,7.928177,8.64
20181006T0200,25.1015,0.0,59.0,1009.6,7.928177,9.36
20181006T0300,24.4515,0.0,62.0,1009.4,7.928177,9.72
20181006T0400,23.8315,0.0,64.0,1009.7,7.7043357,10.440001
20181006T0500,23.2015,0.0,67.0,1010.4,7.42159,11.879999
20181006T0600,23.821499,0.0,68.0,1011.1,6.4096174,12.599999
20181006T0700,26.2815,0.0,65.0,1011.8,2.3051248,5.3999996
20181006T0800,30.3415,0.0,51.0,1012.4,6.28713,7.5599995
20181006T0900,33.071503,0.0,41.0,1012.5,7.628263,15.119999
20181006T1000,34.521503,0.0,33.0,1011.9,7.5685663,14.759999
20181006T1100,35.321503,0.0,28.0,1011.1,12.074766,18.0
20181006T1200,35.7915,0.0,26.0,1010.2,13.37825,18.72
20181006T1300,35.9215,0.0,26.0,1009.4,14.578888,19.44
20181006T1400,35.731503,0.0,26.0,1008.5,15.484185,18.72
20181006T1500,35.301502,0.0,27.0,1007.7,15.725037,19.08
20181006T1600,34.4215,0.0,29.0,1007.7,14.345898,18.359999
20181006T1700,31.951498,0.0,36.0,1008.0,8.4042845,16.56
20181006T1800,31.0115,0.0,38.0,1008.2,6.8399997,15.119999
20181006T1900,30.241499,0.0,41.0,1008.6,5.154415,11.159999
20181006T2000,29.3415,0.0,44.0,1009.1,5.6233797,11.5199995
20181006T2100,28.3815,0.0,48.0,1009.5,6.489992,9.72
20181006T2200,27.3715,0.0,52.0,1009.4,7.289445,8.64
20181006T2300,26.3915,0.0,56.0,1009.5,7.2,7.5599995
20181007T0000,25.4815,0.0,59.0,1009.6,6.8777895,6.8399997
20181007T0100,24.7115,0.0,62.0,1009.7,6.3690495,5.7599998
20181007T0200,23.9715,0.0,65.0,1009.3,5.3517847,4.68
20181007T0300,23.2615,0.0,68.0,1009.1,4.5820518,7.2
20181007T0400,22.6915,0.0,71.0,1009.5,4.1046314,6.8399997
20181007T0500,22.0815,0.0,74.0,1010.2,4.1046314,7.5599995
20181007T0600,22.6815,0.0,72.0,1010.8,4.1046314,4.68
20181007T0700,25.4315,0.0,67.0,1011.3,1.609969,4.68
20181007T0800,29.411499,0.0,52.0,1011.7,3.096837,3.2399998
20181007T0900,32.3815,0.0,44.0,1011.7,3.096837,2.8799999
20181007T1000,33.9915,0.0,36.0,1011.0,3.396233,15.4800005
20181007T1100,34.841503,0.0,31.0,1010.3,10.041354,19.08
20181007T1200,35.501503,0.0,28.0,1009.6,15.716793,22.319998
20181007T1300,35.6515,0.0,27.0,1008.8,18.25026,21.24
20181007T1400,35.5115,0.0,27.0,1007.9,18.681883,22.68
20181007T1500,35.051502,0.0,27.0,1007.2,18.514643,21.24
20181007T1600,34.121502,0.0,29.0,1007.3,16.1198,19.8
20181007T1700,31.8415,0.0,34.0,1007.9,8.64,16.56
20181007T1800,30.821499,0.0,36.0,1008.2,7.6367526,15.119999
20181007T1900,29.9815,0.0,39.0,1008.6,6.151683,12.959999
20181007T2000,29.161499,0.0,41.0,1009.1,5.8048253,11.5199995
20181007T2100,28.3715,0.0,43.0,1009.5,5.991594,10.440001
20181007T2200,27.5515,0.0,46.0,1009.5,6.696387,9.36
20181007T2300,26.7515,0.0,48.0,1009.5,7.145796,10.440001
20181008T0000,25.9815,0.0,50.0,1009.5,7.8954163,8.64
20181008T0100,25.2215,0.0,53.0,1009.4,8.404285,6.4799995
20181008T0200,24.3915,0.0,55.0,1009.1,8.404285,5.3999996
20181008T0300,23.4815,0.0,59.0,1008.9,8.161764,6.12
20181008T0400,22.6815,0.0,62.0,1009.3,7.653705,6.8399997
20181008T0500,21.8915,0.0,65.0,1009.8,7.145796,8.28
20181008T0600,22.3515,0.0,66.0,1010.3,6.4096174,9.36
20181008T0700,24.8115,0.0,63.0,1010.8,2.3051248,9.36
20181008T0800,29.2215,0.0,49.0,1011.1,5.634891,8.64
20181008T0900,32.3115,0.0,40.0,1011.1,7.10031,12.24
20181008T1000,33.8515,0.0,31.0,1010.3,9.178235,16.56
20181008T1100,34.751503,0.0,28.0,1009.5,12.605142,19.08
20181008T1200,35.3515,0.0,24.0,1008.7,15.517629,21.599998
20181008T1300,35.5815,0.0,22.0,1008.0,17.373497,23.039999
20181008T1400,35.3815,0.0,22.0,1007.1,18.175545,23.759998
20181008T1500,34.8515,0.0,23.0,1006.5,17.518356,21.96
20181008T1600,33.8315,0.0,26.0,1006.6,14.685176,19.44
20181008T1700,31.3615,0.0,33.0,1006.8,8.699793,16.919998
20181008T1800,30.411499,0.0,35.0,1007.2,6.9527545,16.199999
20181008T1900,30.0915,0.0,36.0,1007.6,4.0249224,11.879999
20181008T2000,29.2715,0.0,38.0,1008.0,2.4149535,8.64
20181008T2100,28.6415,0.0,39.0,1008.2,2.968636,5.7599998
20181008T2200,27.5415,0.0,43.0,1008.1,4.73506,2.8799999
20181008T2300,26.4615,0.0,46.0,1008.1,5.4119864,2.16
20181009T0000,25.5115,0.0,50.0,1008.2,5.7599998,4.68
20181009T0100,24.6215,0.0,53.0,1008.1,5.771239,7.5599995
20181009T0200,23.7715,0.0,56.0,1007.8,5.8603754,9.72
20181009T0300,22.9415,0.0,59.0,1007.7,5.8603754,11.159999
20181009T0400,22.2015,0.0,62.0,1008.1,4.452954,10.799999
20181009T0500,21.7015,0.0,64.0,1008.8,2.5959969,10.440001
20181009T0600,22.0815,0.0,66.0,1009.4,2.8799999,9.0
20181009T0700,24.5815,0.0,62.0,1010.0,3.219938,9.36
20181009T0800,28.5315,0.0,50.0,1010.5,0.0,6.8399997
20181009T0900,31.4615,0.0,41.0,1010.6,2.1897945,12.24
20181009T1000,33.211502,0.0,35.0,1009.9,4.73506,12.24
20181009T1100,34.3515,0.0,28.0,1009.2,5.771239,11.159999
20181009T1200,34.8515,0.0,27.0,1008.5,7.69592,12.24
20181009T1300,35.0815,0.0,26.0,1007.9,9.346143,14.04
20181009T1400,34.9415,0.0,27.0,1007.0,9.904906,12.959999
20181009T1500,34.501503,0.0,28.0,1006.4,9.360001,12.599999
20181009T1600,33.681503,0.0,30.0,1006.6,7.9036193,11.159999
20181009T1700,31.5115,0.0,41.0,1006.7,3.8773184,4.32
20181009T1800,30.8715,0.0,43.0,1007.1,4.6938252,5.04
20181009T1900,30.2815,0.0,44.0,1007.7,4.802999,5.7599998
20181009T2000,29.571499,0.0,46.0,1008.2,5.3999996,7.2
20181009T2100,28.8015,0.0,49.0,1008.5,6.193674,9.72
20181009T2200,28.071499,0.0,51.0,1008.4,6.763786,12.24
20181009T2300,27.3415,0.0,53.0,1008.5,7.289444,13.679999
20181010T0000,26.5915,0.0,56.0,1008.7,7.5170207,15.4800005
20181010T0100,25.7915,0.0,58.0,1008.6,7.628263,15.4800005
20181010T0200,24.8915,0.0,62.0,1008.3,8.217153,14.04
20181010T0300,23.5315,0.0,67.0,1008.1,9.19939,19.08
20181010T0400,22.2815,0.0,73.0,1008.7,9.511088,23.039999
20181010T0500,21.661499,0.0,77.0,1009.5,8.891344,18.359999
20181010T0600,22.8615,0.0,73.0,1010.1,9.904906,15.119999
20181010T0700,26.4815,0.0,62.0,1010.7,13.363711,17.28
20181010T0800,29.4815,0.0,53.0,1011.1,15.111424,17.28
20181010T0900,31.5915,0.0,47.0,1011.2,16.071491,14.04
20181010T1000,32.6515,0.0,40.0,1010.6,14.512064,13.32
20181010T1100,33.4215,0.0,37.0,1009.9,12.959999,12.959999
20181010T1200,33.961502,0.0,35.0,1009.1,11.901798,12.599999
20181010T1300,34.1915,0.0,34.0,1008.4,11.367109,11.159999
20181010T1400,34.1315,0.0,34.0,1007.5,11.177405,11.5199995
20181010T1500,33.821503,0.0,35.0,1006.9,11.620809,10.440001
20181010T1600,33.091503,0.0,36.0,1007.1,12.0694,10.799999
20181010T1700,30.6415,0.0,47.0,1007.1,8.373386,12.959999
20181010T1800,29.9715,0.0,49.0,1007.5,8.209263,14.759999
20181010T1900,29.0215,0.0,52.0,1007.9,8.669949,16.199999
20181010T2000,28.0415,0.0,55.0,1008.5,9.0,18.359999
20181010T2100,27.2515,0.0,58.0,1009.1,8.854829,19.8
20181010T2200,26.4615,0.0,61.0,1009.3,9.227524,21.24
20181010T2300,25.6915,0.0,64.0,1009.4,9.227524,22.68
20181011T0000,24.901499,0.0,67.0,1009.4,9.504273,23.039999
20181011T0100,24.0615,0.0,71.0,1009.1,10.1887,22.68
20181011T0200,23.3315,0.0,74.0,1008.8,10.315115,19.44
20181011T0300,22.7715,0.0,76.0,1008.7,10.163227,19.8
20181011T0400,22.3015,0.0,79.0,1009.4,10.041354,18.72
20181011T0500,21.8515,0.0,81.0,1010.2,9.007196,18.0
20181011T0600,23.0415,0.0,77.0,1010.5,8.473393,15.84
20181011T0700,26.4315,0.0,69.0,1010.9,6.4799995,14.4
20181011T0800,28.9215,0.0,65.0,1011.5,11.592895,18.72
20181011T0900,30.2615,0.0,56.0,1011.6,16.595179,21.24
20181011T1000,31.151499,0.0,51.0,1010.7,16.919998,23.4
20181011T1100,31.971498,0.0,48.0,1009.8,16.75064,17.28
20181011T1200,32.551502,0.0,46.0,1009.1,17.373497,21.24
20181011T1300,32.6115,0.0,45.0,1008.5,16.981165,19.44
20181011T1400,32.371502,0.0,46.0,1007.7,16.263872,18.0
20181011T1500,31.571499,0.0,48.0,1007.2,15.905319,17.28
20181011T1600,31.5215,0.0,49.0,1007.5,14.05845,12.599999
20181011T1700,27.741499,0.0,68.0,1008.9,12.245293,17.64
20181011T1800,26.7015,0.0,74.0,1009.4,11.609651,17.64
20181011T1900,25.8815,0.0,78.0,1010.1,12.10157,18.359999
20181011T2000,25.3415,0.0,81.0,1010.7,11.792404,18.0
20181011T2100,25.4615,0.0,81.0,1011.2,11.119281,16.199999
20181011T2200,25.321499,0.0,81.0,1011.2,11.119281,16.199999
20181011T2300,24.9515,0.0,83.0,1011.1,11.440979,15.4800005
20181012T0000,24.3415,0.0,86.0,1011.0,11.27553,19.8
20181012T0100,23.8715,0.0,89.0,1010.7,10.799999,19.44
20181012T0200,23.5115,0.0,91.0,1010.2,12.224107,23.4
20181012T0300,23.1215,0.1,91.0,1009.9,15.827721,23.039999
20181012T0400,22.1115,4.0,95.0,1010.6,18.388212,27.359999
20181012T0500,21.6715,14.7,96.0,1011.2,18.971008,29.88
20181012T0600,21.8015,19.0,97.0,1011.5,19.734436,29.88
20181012T0700,22.1115,19.9,97.0,1012.1,21.485697,27.72
20181012T0800,22.2815,18.2,97.0,1012.8,20.380579,22.319998
20181012T0900,22.5115,12.6,97.0,1013.3,18.03237,20.16
20181012T1000,23.0115,4.1,95.0,1013.1,14.05845,19.44
20181012T1100,23.2815,3.2,95.0,1012.6,9.422101,19.8
20181012T1200,24.5315,0.9,92.0,1011.7,9.779817,11.5199995
20181012T1300,25.6015,0.0,88.0,1011.1,12.24,12.599999
20181012T1400,26.4415,0.0,82.0,1010.4,9.178235,10.08
20181012T1500,27.1115,0.0,76.0,1009.9,6.28713,9.36
20181012T1600,26.9815,0.0,76.0,1010.1,6.5693827,9.0
20181012T1700,26.0615,0.0,74.0,1010.1,8.64,9.0
20181012T1800,25.3415,0.0,78.0,1010.6,8.28,14.759999
20181012T1900,24.7115,0.0,81.0,1011.0,8.28,16.199999
20181012T2000,24.1415,0.0,85.0,1011.5,8.28,17.64
20181012T2100,23.6315,0.0,88.0,1011.9,7.928178,17.64
20181012T2200,23.1715,0.0,91.0,1011.9,7.5599995,17.28
20181012T2300,22.7515,0.0,93.0,1011.8,7.2805495,16.919998
20181013T0000,22.3515,0.0,95.0,1011.8,7.172949,16.199999
20181013T0100,21.9815,0.0,97.0,1011.7,7.24486,15.84
20181013T0200,21.8815,0.0,98.0,1011.3,7.42159,14.759999
20181013T0300,22.2115,0.0,95.0,1011.1,6.638072,11.159999
20181013T0400,22.491499,0.0,95.0,1011.3,6.1305785,10.440001
20181013T0500,22.7515,0.0,94.0,1011.7,6.3690495,10.08
20181013T0600,23.5215,0.0,91.0,1012.1,7.386582,8.28
20181013T0700,24.8815,0.0,85.0,1012.6,9.227524,11.159999
20181013T0800,26.1415,0.0,79.0,1013.0,9.028754,10.08
20181013T0900,27.5415,0.0,71.0,1013.1,7.5685663,9.72
20181013T1000,28.6715,0.0,66.0,1012.5,6.489992,8.28
20181013T1100,29.5015,0.0,61.0,1011.9,7.2,9.0
20181013T1200,30.0115,0.0,58.0,1011.2,8.654986,9.72
20181013T1300,29.1315,0.0,59.0,1010.8,9.085988,10.08
20181013T1400,29.8715,0.0,57.0,1010.1,9.1641035,10.08
20181013T1500,29.3615,0.0,59.0,1009.6,8.587338,10.440001
20181013T1600,28.5215,0.0,62.0,1009.8,8.089993,10.799999
20181013T1700,29.1715,0.0,53.0,1009.2,7.6367526,11.159999
20181013T1800,28.4515,0.0,56.0,1009.6,7.5170207,12.24
20181013T1900,27.7215,0.0,59.0,1010.1,7.24486,12.959999
20181013T2000,26.9515,0.0,62.0,1010.4,7.491114,13.679999
20181013T2100,26.0315,0.0,66.0,1010.7,7.7043357,15.119999
20181013T2200,25.151499,0.0,70.0,1010.5,7.7043357,16.199999
20181013T2300,24.401499,0.0,73.0,1010.5,7.9932966,17.28